  2.0000000e+000  4.5254360e+000  2.2762511e+000  2.1929813e+000  3.2507686e+000  4.5705759e+000  3.5800776e+000  3.6744749e+000  2.3110286e+000  4.0473651e+000  3.7293459e+000
  2.0000000e+000  4.3527092e+000  3.9622957e+000  4.3572534e+000  3.0178343e+000  2.8622451e+000  2.7111023e+000  2.3985139e+000  3.4739862e+000  2.7157541e+000  2.8130270e+000
  2.0000000e+000  2.9664175e+000  1.2346864e+000  1.7699973e+000  3.6456378e+000  4.2769198e+000  3.6619839e+000  3.5791261e+000  4.5820850e+000  3.6137772e+000  3.9318694e+000
  2.0000000e+000  2.9274662e+000  2.8686119e+000  3.3673583e+000  3.7610849e+000  2.5474547e+000  2.5038498e+000  2.5426724e+000  3.5088945e+000  3.9783157e+000  2.4347741e+000
  2.0000000e+000  2.5031831e+000  2.5714032e+000  3.3814317e+000  3.2146399e+000  4.5943976e+000  2.0504767e+000  3.7136607e+000  4.5265145e+000  4.8461339e+000  4.5006621e+000
  2.0000000e+000  2.7196960e+000  1.8795074e+000  4.9766851e+000  1.9638362e+000  3.3417396e+000  2.6501263e+000  3.4074378e+000  4.7956052e+000  2.3528792e+000  1.7653965e+000
  2.0000000e+000  1.4274072e+000  2.7085983e+000  3.6045025e+000  4.0929574e+000  2.8493636e+000  1.7249206e+000  3.4210590e+000  3.2942269e+000  2.8025125e+000  3.5419859e+000
  2.0000000e+000  3.6530865e+000  2.0506733e+000  4.0762821e+000  3.6048377e+000  5.2641773e+000  4.4611364e+000  3.2091203e+000  2.8210987e+000  4.0814722e+000  2.8031938e+000
  2.0000000e+000  3.3504179e+000  3.8088562e+000  2.2005993e+000  3.2212866e+000  3.7273793e+000  3.8637812e+000  3.4201090e+000  1.5179108e+000  1.6908075e+000  2.6280609e+000
  2.0000000e+000  1.8633438e+000  2.6802197e+000  2.1153934e+000  3.0416773e+000  2.5391167e+000  1.6885418e+000  2.9658237e+000  1.0173293e+000  1.8406550e+000  1.4190512e+000
  2.0000000e+000  1.4840034e+000  2.0655403e+000  3.8665655e+000  1.9414833e+000  2.4671499e+000  3.2592774e+000  5.1111730e+000  3.6732296e+000  2.7129075e+000  1.2301470e+000
  2.0000000e+000  3.1460216e+000  4.1104669e+000  2.1563749e+000  2.3694670e+000  1.8185660e+000  2.3603397e+000  2.3430664e+000  3.5586687e+000  4.2752312e+000  2.1321992e+000
  2.0000000e+000  3.1886796e+000  4.1517119e+000  1.6355128e+000  2.2110258e+000  3.8367939e+000  2.1177285e+000  2.5029099e+000  2.6780575e+000  1.6766320e+000  3.1155543e+000
  2.0000000e+000  3.4039970e+000  3.9631267e+000  2.8910969e+000  3.2155715e+000  1.3431147e+000  1.2483099e+000  4.0667014e+000  1.1692209e+000  2.2220275e+000  4.3133812e+000
  2.0000000e+000  4.4687740e+000  2.3774916e+000  3.9585972e+000  1.5247260e+000  1.5868089e+000  4.7830991e+000  4.0356985e+000  3.0361817e+000  3.5623647e+000  2.6668315e+000
  2.0000000e+000  3.2463989e+000  1.6520489e+000  3.5672742e+000  3.4600381e+000  5.6134026e+000  4.2346217e+000  1.3272057e+000  3.6959769e+000  2.1256222e+000  3.3808582e+000
  2.0000000e+000  2.9834492e+000  2.5539307e+000  2.7048517e+000  2.8218636e+000  4.0551929e+000  3.9140570e+000  1.5296909e+000  3.1226865e+000  1.6192345e+000  1.9656635e+000
  2.0000000e+000  3.1305031e+000  5.0760829e+000  3.7000946e+000  4.4852884e+000  2.9644410e+000  2.6680944e+000  2.3694573e+000  3.4679457e+000  2.5976618e+000  2.8142778e+000
  1.0000000e+000  3.8046527e+000  3.5709140e+000  5.7572921e-001  1.5208219e+000  2.7276433e+000  4.0836517e+000  1.5172153e+000  1.1648021e+000  2.6633490e+000  3.9218094e+000
  2.0000000e+000  2.0471766e+000  1.8679592e+000  3.2455856e+000  1.1937457e+000  1.9671864e+000  1.5985338e+000  1.0266553e+000  1.5346248e+000  2.6519732e+000  4.9843581e+000
  2.0000000e+000  3.0417780e+000  2.9396107e+000  4.8790407e+000  3.6075657e+000  7.6516451e-001  2.7039300e+000  2.6200643e+000  4.8016941e+000  3.7986171e+000  1.8607074e+000
  2.0000000e+000  2.8697158e+000  2.4007672e+000  4.8365623e+000  1.6674121e+000  3.7336306e+000  2.8445996e+000  3.2322562e+000  3.3425372e+000  2.2140493e+000  3.0213821e+000
  2.0000000e+000  3.4549549e+000  6.4637770e-001  3.4255189e+000  2.9304022e+000  2.6546702e+000  9.0535378e-001  3.0541126e+000  2.6811631e+000  6.5691912e-001  3.8531149e+000
  2.0000000e+000  4.3723272e+000  3.2032808e+000  4.2341236e+000  3.5858136e+000  3.2617659e+000  3.4012264e+000  2.5285815e+000  9.4804097e-001  2.8211749e+000  4.5244392e+000
  2.0000000e+000  3.4365497e+000  2.8890479e+000  2.8615924e+000  4.3875278e+000  3.3632154e+000  2.7687932e+000  4.4936271e+000  2.0117610e+000  4.1531308e+000  3.1763864e+000
  2.0000000e+000  2.2449276e+000  2.4546741e+000  1.8268312e+000  2.9651434e+000  3.3626087e+000  3.4586755e+000  2.6857787e+000  1.4763043e+000  3.8536312e+000  2.9416257e+000
  2.0000000e+000  1.8034004e+000  1.6947993e+000  2.8364043e+000  2.3698203e+000  2.0254033e+000  3.8695798e+000  3.9487020e+000  2.9656837e+000  2.6266221e+000  1.8072699e+000
  1.0000000e+000  3.6662472e+000  3.3375943e+000  5.4335920e+000  3.9492796e+000  4.9369584e+000  4.2587948e+000  3.3538044e+000  2.3893929e+000  2.3656961e+000  3.5451280e+000
  2.0000000e+000  3.2197058e+000  2.0916918e+000  2.4547068e+000  3.2833192e+000  2.5164065e+000  4.1271141e+000  3.6493895e+000  3.1496806e+000  2.6983803e+000  2.6300184e+000
  2.0000000e+000  4.1119100e+000  2.6595513e+000  5.0207577e+000  3.7171756e+000  2.9442203e+000  2.8651200e+000  3.2448148e+000  3.3798035e+000  1.6497584e+000  3.0542831e+000
  2.0000000e+000  3.2725025e+000  2.4186703e+000  4.1002663e+000  3.9336356e+000  1.7390122e+000  2.2858264e+000  2.8859192e+000  4.4397812e+000  1.7245861e+000  1.7685942e+000
  2.0000000e+000  3.7621864e+000  2.7884248e+000  3.8761004e+000  2.8624215e+000  4.8210344e+000  4.3246605e+000  2.1750203e+000  4.6130183e+000  3.4552871e+000  2.3915834e+000
  2.0000000e+000  2.5265245e+000  1.5386222e+000  1.6694500e+000  1.9596761e+000  5.2937600e+000  1.6365264e+000  3.0131460e+000  3.0469363e+000  2.7760275e+000  3.8092482e+000
  2.0000000e+000  2.0222165e+000  2.7125631e+000  2.4602435e+000  3.3962234e+000  2.9033238e+000  1.6780929e+000  4.3953591e+000  1.6048058e+000  4.9698667e+000  3.1095882e+000
  1.0000000e+000  2.5868020e+000  3.8719644e+000  4.5628153e+000  2.5493905e+000  3.2498305e+000  3.0266299e+000  2.6378359e+000  4.0812258e+000  3.0771973e+000  3.1683085e+000
  2.0000000e+000  1.6745577e+000  3.1717638e+000  4.1892356e-001  2.8554631e+000  3.8767738e+000  3.7797002e+000  3.7543035e+000  4.4016709e+000  4.1931367e+000  3.9557078e+000
  2.0000000e+000  3.1598722e+000  2.7534203e+000  4.6435012e+000  2.4442578e+000  4.0608899e+000  1.7421594e+000  3.8977586e+000  4.2131882e+000  2.0191298e+000  5.2719176e+000
  2.0000000e+000  2.0434846e+000  2.9430123e+000  4.8342163e+000  1.4567025e+000  3.8647694e+000  2.4995661e+000  1.8818065e+000  1.7880397e+000  3.0348542e+000  4.4179503e+000
  2.0000000e+000  3.1554155e+000  5.7635125e+000  3.4331980e+000  3.4762290e+000  2.6106966e+000  2.5256747e+000  3.1426177e+000  3.2281826e+000  3.8406416e+000  4.9613275e+000
  2.0000000e+000  3.8774019e+000  3.9470750e+000  3.0299560e+000  3.9351480e+000  4.5264198e+000  3.2696394e+000  1.4507478e+000  2.6872730e+000  2.3448097e+000  3.3823308e+000
  2.0000000e+000  2.9396343e+000  3.0787227e+000  2.6334408e+000  3.0308624e+000  3.5994005e+000  2.5536601e+000  2.9008464e+000  1.7914977e+000  4.8597773e+000  3.5842865e+000
  2.0000000e+000  2.2754121e+000  2.1032967e+000  1.3602441e+000  2.9084797e+000  1.7693685e+000  1.8302910e+000  2.3222878e+000  4.1639936e+000  2.3464788e+000  2.6574549e+000
  2.0000000e+000  3.3567674e+000  1.0012013e-001  3.8455497e+000  2.4277476e+000  3.1652557e+000  4.7679389e+000  3.7471005e+000  2.1141766e+000  1.7993402e+000  3.8072553e+000
  1.0000000e+000  3.5435679e+000  3.5703179e+000  3.0839510e+000  2.2844360e+000  3.6011130e+000  4.1631097e+000  6.1759312e+000  4.7131642e+000  3.1593208e+000  3.0646166e+000
  1.0000000e+000  1.9556063e+000  3.0681478e+000  4.5178491e+000  3.4771873e+000  3.7534582e+000  3.2132361e+000  1.5719559e+000  2.3814025e+000  3.7943662e+000  2.9359910e+000
  2.0000000e+000  2.6499569e-001  2.5476686e+000  4.3682990e+000  3.2575050e+000  3.4101087e+000  3.3094044e+000  2.1329163e+000  2.7510510e+000  2.1868591e+000  3.5970252e+000
  2.0000000e+000  3.6645833e+000  2.1215667e+000  3.3693644e+000  3.7193412e+000  3.3532153e+000  2.7350074e+000  2.4320784e+000  3.4135491e+000  3.1139711e+000  2.7783588e+000
  2.0000000e+000  3.3832304e+000  1.8900526e+000  4.0589047e+000  2.8922176e+000  3.9498270e+000  2.9304134e+000  3.6995549e+000  2.4085977e+000  2.0196287e+000  1.9306617e+000
  2.0000000e+000  3.3283876e+000  1.9635336e+000  1.5573494e+000  2.2473136e+000  2.7239697e+000  2.7025467e+000  2.8970948e+000  2.4111826e+000  2.1673652e+000  3.2258829e+000
  2.0000000e+000  2.8113898e+000  1.3527757e+000  4.4658013e+000  2.7571791e+000  1.8157044e+000  4.3786965e+000  3.7445069e+000  2.2198645e+000  3.8645569e+000  3.5384647e+000
  2.0000000e+000  2.3120006e+000  2.4081030e+000  2.1540204e+000  1.6355005e+000  1.9088856e+000  2.9740464e+000  4.4465342e+000  1.6819123e+000  2.9774356e+000  1.5591321e+000
  2.0000000e+000  2.4353583e+000  2.5298615e+000  2.6663853e+000  2.4004236e+000  3.9332376e+000  1.5099516e+000  4.0362930e+000  3.2615275e+000  2.9395193e+000  4.1676193e+000
  2.0000000e+000  3.2316648e+000  2.3483929e+000  3.8213581e+000  1.2341119e+000  4.0110988e+000  3.3801578e+000  3.5094404e+000  2.1828565e+000  3.8683665e+000  2.6234786e+000
  2.0000000e+000  3.7154220e+000  1.9172325e+000  3.1552372e+000  3.2314131e+000  3.9303542e+000  3.0551613e+000  4.4795213e+000  2.5306583e+000  2.8490093e+000  2.3846573e+000
  2.0000000e+000  3.1374998e+000  4.2192173e+000  2.3228250e+000  3.0448487e+000  4.3842860e+000  2.2574349e+000  1.9015026e+000  5.4236031e+000  4.2311097e+000  3.8440846e+000
  2.0000000e+000  2.7348804e+000  2.5436281e+000  2.5694435e+000  1.8673514e+000  1.9263326e+000  3.5973687e+000  2.3585006e+000  3.3760118e+000  1.2607627e+000  2.2462246e+000
  2.0000000e+000  1.5200066e+000  3.1413312e+000  2.5738702e+000  2.5632716e+000  3.8090001e+000  1.6632878e+000  4.2649079e+000  2.5260557e+000  4.6328283e+000  2.3296536e+000
  2.0000000e+000  2.0355460e+000  2.4196099e+000  2.7888767e+000  4.3314027e+000  4.6876039e+000  3.9075683e+000  3.5609335e+000  1.9269783e+000  3.1652253e+000  3.0542978e+000
  2.0000000e+000  3.3712743e+000  3.4967496e+000  3.1278941e+000  2.7772838e+000  2.8517375e+000  1.8328824e+000  3.7925802e+000  3.5804059e+000  3.9250720e+000  2.9084427e+000
  2.0000000e+000  2.6384438e+000  3.3007550e+000  3.3617992e+000  2.8416186e+000  2.2919532e+000  1.2405912e+000  2.6737934e+000  3.7591424e+000  5.9605508e+000  1.5159661e+000
  1.0000000e+000  2.2342485e+000  3.2287126e+000  2.7866583e+000  1.8005427e+000  3.8622101e+000  2.5166148e+000  3.0229839e+000  2.3326502e+000  3.0102467e+000  4.4314273e+000
  2.0000000e+000  2.4980725e+000  1.9626236e+000  3.3646518e+000  3.4047378e+000  3.2620937e+000  2.2149393e+000  3.0445837e+000  3.6956941e+000  2.4479926e+000  3.3629415e+000
  2.0000000e+000  4.4778513e+000  2.1551159e+000  2.5598768e+000  3.2004658e+000  4.3779033e+000  3.6407920e+000  5.2702991e+000  2.7535085e+000  3.9590942e+000  2.8814634e+000
  2.0000000e+000  4.3145153e+000  2.0792345e+000  4.2027444e+000  3.5398639e+000  3.4884309e+000  2.8563851e+000  3.5291972e+000  3.6723455e+000  3.6876225e+000  1.7515458e+000
  2.0000000e+000  2.6621735e+000  2.1876986e+000  2.0922381e+000  2.7678080e+000  3.2992051e+000  4.0975354e+000  3.0959860e+000  3.3634611e+000  3.0998632e+000  1.7704959e+000
  2.0000000e+000  1.6257186e+000  3.9284321e+000  1.5370363e+000  2.6126882e+000  4.1599084e+000  2.8322416e+000  3.6682758e+000  3.5671087e+000  3.5476129e+000  4.6906351e+000
  2.0000000e+000  5.1360942e+000  4.2080640e+000  2.4460711e+000  3.9134761e+000  1.8737217e+000  2.6500502e+000  1.6662700e+000  4.0453467e+000  2.4562030e+000  1.5143323e+000
  2.0000000e+000  2.7637644e+000  2.5656526e+000  2.2463370e+000  2.7347240e+000  2.7409845e+000  3.0897355e+000  3.1055618e+000  2.2072644e+000  3.9029970e+000  1.8424435e+000
  2.0000000e+000  1.5978401e+000  3.7391924e+000  4.3950460e+000  5.8053991e+000  2.8887930e+000  6.1006479e-001  1.2915367e+000  2.5528135e+000  4.1470949e+000  2.5776581e+000
  1.0000000e+000  5.8310875e+000  3.8353186e+000  2.9017975e+000  1.2059651e+000  3.4213719e+000  2.0771497e+000  3.8249118e+000  2.4531455e+000  2.6161426e+000  1.0121067e+000
  2.0000000e+000  3.5880855e+000  2.9395152e+000  2.6202742e+000  2.1819887e+000  3.3860172e+000  3.0946012e+000  2.4096882e+000  4.0749993e+000  2.1791176e+000  2.4201187e+000
  2.0000000e+000  2.2055116e+000  2.6163388e+000  3.3258581e+000  2.9894324e+000  2.6972505e+000  2.7878224e+000  3.1076785e+000  2.6170088e+000  3.8891601e+000  2.3957711e+000
  2.0000000e+000  3.1791602e+000  2.8016323e+000  1.9883261e+000  2.3728101e+000  1.7656887e+000  4.6583996e+000  3.0350935e+000  1.9112583e+000  1.8589931e+000  3.0313571e+000
  2.0000000e+000  4.8239208e+000  2.3454777e+000  4.9391459e+000  1.7909945e+000  3.6811461e+000  3.5196304e+000  1.9636511e+000  3.4600264e+000  3.3744943e+000  2.5646435e+000
  2.0000000e+000  3.2322289e+000  5.6327947e+000  4.2032313e+000  3.2897692e+000  3.3462838e+000  1.3768934e+000  2.4994172e+000  1.8501296e+000  3.0397024e+000  3.0007775e+000
  2.0000000e+000  3.4922949e+000  2.8035133e+000  2.8300695e+000  3.5153248e+000  2.3504431e+000  3.0822992e+000  1.2011303e+000  2.4212184e+000  2.9996462e+000  2.4176075e+000
  2.0000000e+000  4.2283628e+000  4.0772605e+000  3.0871040e+000  2.7610439e+000  2.6750959e+000  2.1783265e+000  3.2917014e+000  4.1190019e+000  3.6673230e+000  3.9165479e+000
  2.0000000e+000  3.0088382e+000  2.9603454e+000  1.9455083e+000  4.2282609e+000  3.3869278e+000  3.8543328e+000  2.5380915e+000  3.8600215e+000  2.6765338e+000  2.9661457e+000
  2.0000000e+000  3.3648791e+000  3.7017156e+000  3.6021012e+000  2.2420848e+000  1.7794548e+000  2.3605388e+000  2.5290207e+000  3.3298616e+000  5.5395780e+000  2.9750843e+000
  2.0000000e+000  4.1630149e+000  2.5889506e+000  4.7123488e+000  2.3867614e+000  9.3122735e-001  4.5636196e+000  4.0032898e+000  4.9165297e+000  4.8422312e+000  3.4261107e+000
  2.0000000e+000  2.5241211e+000  2.4593033e+000  3.7682693e+000  2.3285828e+000  2.6007500e+000  4.3479533e+000  3.7393146e+000  5.5881895e+000  3.0711583e+000  4.5491485e+000
  2.0000000e+000  4.0161485e+000  4.1736433e+000  2.9605735e+000  5.5204888e+000  3.2910080e+000  3.7512861e+000  2.1601425e+000  4.9397178e+000  3.5557900e+000  4.4190299e+000
  2.0000000e+000  3.2882327e+000  2.9215357e+000  1.0951895e+000  4.2908088e+000  3.8510673e+000  1.2477296e+000  3.9053219e+000  4.1584328e+000  3.4038072e+000  1.7252607e+000
  2.0000000e+000  2.0283351e+000  1.4215421e+000  3.9985348e+000  4.3750286e+000  2.1889413e+000  4.5016149e+000  6.0053944e+000  3.4407059e+000  2.8188787e+000  3.2477012e+000
  1.0000000e+000  1.9657311e+000  3.7793759e+000  4.7379840e+000  2.0188572e+000  3.3543052e+000  2.0801309e+000  2.6739049e+000  2.5151123e+000  3.5437291e+000  3.8559631e+000
  2.0000000e+000  3.1262982e+000  3.2275312e+000  1.6606345e+000  2.6595248e+000  2.6077544e+000  1.3744857e+000  3.5650957e+000  4.9118206e+000  1.8540544e+000  5.6967163e+000
  2.0000000e+000  3.4881058e+000  2.3314372e+000  3.6893442e+000  2.0926700e+000  4.3737148e+000  3.0375255e+000  1.9389003e+000  4.4208888e+000  2.9635282e+000  1.8392452e+000
  2.0000000e+000  4.0235912e+000  4.0706151e+000  4.2927379e+000  4.7833346e+000  3.5957494e+000  9.5994425e-001  3.5895069e+000  1.5769781e+000  4.1755413e+000  4.2469351e+000
  2.0000000e+000  4.5571430e+000  4.1940340e+000  6.3229024e+000  3.3249770e+000  2.0861441e+000  1.5722132e+000  1.4934897e+000  3.1637509e+000  4.3681512e+000  2.8630129e+000
  2.0000000e+000  2.3129894e+000  2.8873070e+000  3.7842836e+000  4.2642938e+000  2.4205945e+000  2.6284292e+000  1.7916951e+000  2.3829560e+000  2.9847914e+000  2.9796694e+000
  2.0000000e+000  2.5115714e+000  2.1316664e+000  3.6755839e+000  2.7581139e+000  2.2515476e+000  3.1547548e+000  2.7581352e+000  3.2158648e+000  2.5806862e+000  3.2467208e+000
  2.0000000e+000  2.4167407e+000  1.3204159e+000  2.9895687e+000  3.5817738e+000  5.1986974e+000  1.7474746e+000  2.9758259e+000  2.8310594e+000  1.7506870e+000  3.6734107e+000
  2.0000000e+000  2.4141723e+000  1.8680599e+000  2.5377318e+000  2.0544065e+000  3.1819495e+000  2.5985910e+000  2.2113405e+000  3.4326249e+000  2.0863450e+000  3.8421415e+000
  1.0000000e+000  4.6459053e+000  3.4423730e+000  3.8395065e+000  3.1779726e+000  2.3091427e+000  2.8114811e+000  9.2232161e-001  3.5239588e+000  3.7217737e+000  2.3051786e+000
  2.0000000e+000  4.2148640e+000  1.5099097e+000  3.8376268e+000  2.3554875e+000  2.8658540e+000  2.2649652e+000  2.0825374e+000  2.5757900e+000  2.4837046e+000  2.3897177e+000
  2.0000000e+000  4.5762015e+000  4.9238570e+000  2.5060289e+000  3.3995553e+000  3.0174381e+000  3.1992289e+000  2.4007585e+000  3.3399188e+000  2.9709659e+000  2.5629607e+000
  2.0000000e+000  4.1941997e+000  2.9231873e+000  3.4692702e+000  3.1898218e+000  4.0344625e+000  3.4902732e+000  4.2122162e+000  8.2553582e-001  3.2158854e+000  2.8289330e+000
  2.0000000e+000  3.5641669e+000  9.6053619e-001  3.2895978e+000  2.6800321e+000  2.5135738e+000  3.4614399e+000  2.7346551e+000  2.7545536e+000  2.6194569e+000  3.1199425e+000
  1.0000000e+000  3.6388252e+000  3.6607151e+000  4.7393584e+000  1.9209631e+000  3.5657131e+000  3.3430667e+000  3.2798623e+000  4.1759419e+000  3.2981137e+000  2.1654939e+000
  1.0000000e+000  3.4376433e+000  3.5114658e+000  1.7977181e+000  5.9195293e+000  2.7027060e+000  4.1765927e+000  3.8750486e+000  2.5050893e+000  3.6645387e+000  3.7194829e+000
