  2.0000000e+000  1.6657341e+000  3.8144202e+000  3.5793010e+000  3.9979287e+000  5.0261182e+000  3.7699722e+000  4.7179500e+000  3.7652597e+000  2.6521954e+000  3.2173271e+000
  2.0000000e+000  2.7581289e+000  2.9671044e+000  3.2528457e+000  2.0191474e+000  2.3935524e+000  1.8876605e+000  4.3432020e+000  1.8892013e+000  2.9454003e+000  3.5283747e+000
  2.0000000e+000  2.2055182e+000  3.2411542e+000  1.3762573e+000  3.8632098e+000  2.7394882e+000  2.1879566e+000  3.5656589e+000  2.6535162e+000  1.9575579e+000  3.4569352e+000
  2.0000000e+000  4.4053936e+000  3.7548661e+000  3.2548374e+000  5.1825717e+000  2.5564070e+000  2.7873923e+000  4.4736572e+000  2.1250253e+000  3.2461612e+000  4.3486846e+000
  2.0000000e+000  8.1533355e-001  1.3722908e+000  2.2995963e+000  1.5207115e+000  1.8660287e+000  2.9698633e+000  6.2925189e+000  2.3481382e+000  3.3702115e+000  2.6601955e+000
  1.0000000e+000  3.9188745e+000  3.3192635e+000  5.0029063e+000  4.0079563e+000  3.3247326e+000  2.7614011e+000  3.2959182e+000  1.0900778e+000  3.3268516e+000  1.7077719e+000
  2.0000000e+000  2.8136739e+000  3.1998126e+000  4.5320510e+000  3.7069549e+000  2.2419040e+000  2.6162149e+000  3.0831330e+000  8.6949047e-001  2.8436874e+000  3.2641661e+000
  2.0000000e+000  3.3516285e+000  3.4616009e+000  6.6878450e-001  4.3590612e+000  1.8289736e+000  3.9541259e+000  1.8337644e+000  2.3686549e+000  3.4121567e+000  1.8638841e+000
  1.0000000e+000  3.2150611e+000  2.9835738e+000  3.5420035e+000  3.1416926e+000  3.7870707e+000  2.0269595e+000  3.8126064e+000  3.3814076e+000  2.4413900e+000  4.8184743e+000
  2.0000000e+000  4.3526029e+000  1.4135213e+000  2.8299568e+000  4.3586586e+000  3.6734001e+000  3.5046449e+000  1.9314688e+000  4.5693647e+000  3.5526462e+000  5.7159313e-002
  2.0000000e+000  4.8518684e+000  3.5142921e+000  1.4873654e+000  1.9627851e+000  1.2503378e+000  3.4309985e+000  2.7983498e+000  3.1417129e+000  3.4404068e+000  4.8872036e+000
  2.0000000e+000  1.9074322e+000  2.0144499e+000  3.4561011e+000  4.4392750e+000  3.0607296e+000  3.6873766e+000  3.0153164e+000  5.0522961e+000  1.6460469e+000  3.7193232e+000
  2.0000000e+000  1.8671009e+000  1.7955507e+000  2.8286083e+000  2.1150870e+000  1.8116586e+000  2.7786148e+000  3.3803580e+000  1.0083516e+000  3.5333898e+000  4.2739682e+000
  2.0000000e+000  2.8063381e+000  3.7081387e+000  4.3946397e+000  2.2930732e+000  2.6315644e+000  1.8698377e+000  2.8693270e+000  2.7914200e+000  3.5735187e+000  2.1860989e+000
  2.0000000e+000  2.7531686e+000  2.4518928e+000  2.3591480e+000  1.7397172e+000  2.6248075e+000  2.4852686e+000  2.0279300e+000  2.7979553e+000  3.8502190e+000  2.8989683e+000
  2.0000000e+000  3.8075357e+000  2.5860433e+000  2.7653892e+000  2.5680592e+000  3.3415605e+000  5.4363078e+000  3.4247874e+000  3.8799429e+000  1.2269201e+000  3.6895399e+000
  2.0000000e+000  3.9881076e+000  4.3213353e+000  3.3330727e+000  3.1857127e+000  2.3970358e+000  3.5176812e+000  2.7566961e+000  4.5625106e+000  3.1958880e+000  3.7582401e+000
  1.0000000e+000  3.6883935e+000  4.2373802e+000  3.9263057e+000  2.6220075e+000  2.1066623e+000  2.8277329e+000  2.3199297e+000  2.2459921e+000  5.6277154e-001  2.8642781e+000
  2.0000000e+000  4.6895452e+000  3.5752633e+000  4.4239550e+000  3.0274183e+000  3.3631808e+000  3.6390689e+000  4.0153471e+000  1.1194479e+000  2.5017260e+000  3.5317672e+000
  2.0000000e+000  5.3171631e+000  3.7165804e+000  1.7335361e+000  4.6311904e+000  3.4257723e+000  1.7311117e+000  1.9874407e+000  3.3146937e+000  5.0525078e+000  3.1336475e+000
  2.0000000e+000  3.0861688e+000  2.5029585e+000  2.0042592e+000  3.5954269e+000  1.9841309e+000  4.8187157e+000  3.3596800e+000  2.3412351e+000  2.8627446e+000  1.7068096e+000
  2.0000000e+000  2.9891999e+000  4.6454144e+000  3.1361781e+000  3.2212939e+000  3.2568189e+000  2.0215886e+000  4.6190986e+000  3.0756853e+000  1.3636238e+000  5.2130504e+000
  1.0000000e+000  3.1237101e+000  4.9858316e+000  2.9410355e+000  3.4877494e+000  1.3205485e+000  2.6489024e+000  3.0660983e+000  3.9291492e+000  3.7957001e+000  2.9324515e+000
  2.0000000e+000  1.8100412e+000  1.7817068e+000  3.0183347e+000  3.5492218e+000  2.1481474e+000  2.7105846e+000  8.7509648e-001  2.1395707e+000  4.5812724e+000  3.6901866e+000
  2.0000000e+000  2.6952527e+000  2.2968702e+000  2.8193090e+000  4.8647820e+000  3.7065531e+000  1.9185259e+000  3.1286807e+000  1.7544593e+000  2.4767615e+000  4.4548264e+000
  2.0000000e+000  3.5157364e+000  2.1383377e+000  1.6887116e+000  3.1375629e+000  4.0297921e+000  5.4980785e+000  2.8244952e+000  3.5493515e+000  3.6835588e+000  2.5166581e+000
  2.0000000e+000  3.4138682e+000  4.4617112e+000  2.3036767e+000  2.8445598e+000  5.5715677e+000  2.0024945e+000  3.4115828e+000  4.2383968e+000  2.2815796e+000  2.1773291e+000
  2.0000000e+000  2.3115788e+000  2.1565857e+000  2.6075461e+000  3.7536715e+000  2.9692389e+000  2.6298756e+000  2.9721545e+000  5.2668579e+000  3.9920821e+000  1.9395770e+000
  1.0000000e+000  3.2037605e+000  3.5622250e+000  4.3539072e+000  2.3827084e+000  3.7230967e+000  2.2697574e+000  3.3060179e+000  3.8025434e+000  3.0330052e+000  3.1805097e+000
  2.0000000e+000  2.5596371e+000  3.4148478e+000  1.9314625e+000  1.8182239e+000  3.9383525e+000  2.5362972e+000  2.7189341e+000  3.7413082e+000  4.0457089e+000  4.5906216e+000
  2.0000000e+000  2.0078620e+000  4.6822160e+000  3.3421027e+000  1.8283081e+000  4.0043395e+000  1.3343947e+000  3.6402623e+000  2.7428677e+000  3.9053474e+000  2.0195404e+000
  2.0000000e+000  3.4472381e+000  2.7979799e+000  4.2423247e+000  3.7199546e+000  3.4888472e+000  2.0163210e+000  2.9646035e+000  2.3550580e+000  3.2605597e+000  2.0616392e+000
  2.0000000e+000  1.5403228e+000  3.8374990e+000  3.0752778e+000  3.2722506e+000  3.4367081e+000  3.4268926e+000  4.2745202e+000  3.6509475e+000  2.9674865e+000  1.9513146e+000
  2.0000000e+000  1.4155350e+000  2.0422367e+000  8.2831337e-001  4.3115118e+000  4.2766973e+000  1.2469767e+000  3.7477833e+000  4.1067092e+000  3.4239644e+000  1.8987203e+000
  2.0000000e+000  2.1471242e+000  4.5028735e+000  3.1136377e+000  2.2559665e+000  3.3484354e+000  3.8581478e+000  3.4808097e+000  2.4798885e+000  3.5392938e+000  2.5942260e+000
  2.0000000e+000  2.4283253e+000  4.6450079e+000  3.1729735e+000  1.5028341e+000  3.5411815e+000  4.0356164e+000  2.9227601e+000  1.8274690e+000  3.5063971e+000  1.5735621e+000
  2.0000000e+000  4.1373461e+000  3.2598849e+000  2.2183521e+000  2.1555952e+000  3.2291634e+000  2.6637666e+000  1.4036326e+000  1.7742731e+000  5.2398844e+000  3.1092200e+000
  1.0000000e+000  3.3564172e+000  3.4129001e+000  3.4837907e+000  2.1899941e+000  2.6286247e+000  3.6901760e+000  1.9511974e+000  2.8605760e+000  2.9841868e+000  3.5122391e+000
  1.0000000e+000  3.8290699e+000  4.3318276e+000  1.8396411e+000  1.8445125e+000  1.5358398e+000  2.8792362e+000  3.0171001e+000  4.6810011e+000  3.2667905e+000  4.1081839e+000
  2.0000000e+000  2.6290461e+000  3.4686362e+000  2.3674546e+000  4.3270116e+000  2.3458379e+000  4.5771643e+000  4.2760235e+000  2.0637977e+000  2.2005887e+000  2.6917897e+000
  1.0000000e+000  3.0596459e+000  2.1978772e+000  1.8880243e+000  1.7001998e+000  2.3615130e+000  2.2664577e+000  1.0683185e+000  1.6985193e+000  4.3190372e+000  2.2600497e+000
  2.0000000e+000  3.6658105e+000  4.4375175e+000  3.2964032e+000  2.4176730e+000  1.4950834e-001  1.4550355e+000  2.5335927e+000  3.6949407e+000  3.9707100e+000  1.9264566e+000
  2.0000000e+000  3.9777567e+000  2.8443464e+000  2.4962096e+000  2.8197345e+000  2.4134844e+000  1.0326051e+000  3.5744059e+000  2.6083676e+000  2.2889556e+000  1.1499044e+000
  2.0000000e+000  2.8388581e+000  3.1755806e+000  3.3529862e+000  2.6037314e+000  4.4479589e+000  3.3384559e+000  4.1840663e+000  3.3147864e+000  2.5600933e+000  3.9182579e+000
  2.0000000e+000  3.6808747e+000  1.3935009e+000  3.8659215e+000  2.8834257e+000  2.6180866e+000  1.8377172e+000  4.2110815e+000  3.3127500e+000  3.0438497e+000  1.4619382e+000
  2.0000000e+000  1.9048092e+000  2.8086303e+000  3.9066089e+000  3.2360980e+000  3.9079046e+000  2.9884360e+000  3.0530064e+000  3.3773839e+000  1.3369863e+000  3.5576076e+000
  1.0000000e+000  3.3920825e+000  3.2125829e+000  3.6720058e+000  2.7644128e+000  3.3400407e+000  2.2661664e+000  2.6975158e+000  1.9683046e+000  2.0615377e+000  2.2960919e+000
  2.0000000e+000  3.8885226e+000  4.9475004e+000  3.1236056e+000  3.3777394e+000  1.6045545e+000  3.4723864e+000  4.1964106e+000  2.0941316e+000  4.0978798e+000  4.4615999e+000
  2.0000000e+000  2.4555468e+000  1.9262506e+000  3.9619595e+000  3.5768302e+000  2.3453637e+000  2.9263868e+000  3.0114246e+000  2.7088912e+000  4.0005121e+000  3.0978010e+000
  2.0000000e+000  2.6786722e+000  1.7513509e+000  3.1620242e+000  3.9307729e+000  2.7846925e+000  4.0272717e+000  3.1635419e+000  4.9300191e-001  3.2330127e+000  5.1126870e+000
  1.0000000e+000  3.5768837e+000  3.7898567e+000  3.6303371e+000  3.2439190e+000  2.8746892e+000  3.2494215e+000  3.9499121e+000  3.6302361e+000  4.1455792e+000  2.3200496e+000
  2.0000000e+000  2.8572451e+000  2.2998823e+000  3.2574213e+000  4.9317416e+000  1.9421248e+000  4.8086496e+000  4.2447389e+000  3.6355964e+000  2.8015163e+000  3.0355443e+000
  2.0000000e+000  4.0022044e+000  2.0194302e+000  1.5958630e+000  7.2690921e-001  2.9839197e+000  3.8779012e+000  3.0599951e+000  2.6910789e+000  2.8302596e+000  2.6466672e+000
  2.0000000e+000  2.8399157e+000  2.7206326e+000  4.3355772e+000  1.7485601e+000  3.2162199e+000  2.4567326e+000  3.7004997e+000  3.1551249e+000  4.1404278e+000  4.3271838e+000
  2.0000000e+000  1.8991315e+000  4.3908856e+000  1.9834005e+000  1.9652551e+000  1.9114449e+000  2.8941662e+000  4.9003653e+000  3.7829415e+000  2.1041093e+000  3.5808808e+000
  2.0000000e+000  3.8127644e+000  3.0850308e+000  5.4276925e+000  3.6092966e+000  3.8080934e+000  7.2702263e-001  2.9458530e+000  2.6053496e+000  3.9168606e+000  2.2210587e+000
  2.0000000e+000  2.5207597e+000  3.1814315e+000  4.2676561e+000  3.3359084e+000  2.8611317e+000  2.7179819e+000  3.6038800e+000  2.5533490e+000  4.6011525e+000  2.6318354e+000
  2.0000000e+000  2.9953096e+000  3.0895503e+000  3.5969827e+000  3.3058947e+000  3.7283170e+000  3.1306833e+000  3.7014029e+000  1.9413929e+000  9.7163539e-001  2.1550632e+000
  2.0000000e+000  4.6332850e+000  2.8668632e+000  1.7201998e+000  2.4311323e+000  3.8282570e+000  3.0625149e+000  2.9848104e+000  2.2871636e+000  4.0925309e+000  4.0710196e+000
  2.0000000e+000  4.8434868e+000  2.9247198e+000  2.6284154e+000  3.4476579e+000  2.9602226e+000  2.1201062e+000  1.9079794e+000  2.4233373e+000  3.2149446e+000  1.6607368e+000
  2.0000000e+000  3.1768909e+000  2.3506554e+000  4.6472739e+000  4.9653931e+000  3.5281824e+000  4.3968196e+000  1.1630060e+000  1.8135037e+000  4.6757764e+000  1.7809231e+000
  2.0000000e+000  5.0337154e+000  4.0027094e+000  2.6174720e+000  2.4194006e+000  2.0889606e+000  3.3323443e+000  5.6460463e-002  1.7035982e+000  9.1590357e-001  1.7977065e+000
  2.0000000e+000  4.6549344e+000  4.4410384e+000  3.6789968e+000  3.2158690e+000  2.1828126e+000  3.5015186e+000  4.1825574e+000  2.8605713e+000  2.0188950e+000  4.7077791e+000
  2.0000000e+000  3.1495020e+000  2.5746722e+000  2.8980077e+000  3.6998761e+000  3.6210938e+000  1.9754281e+000  4.1023861e+000  2.8521671e+000  5.1051762e+000  1.5871309e+000
  1.0000000e+000  3.1740194e+000  4.2399960e-001  2.2134325e+000  3.1533989e+000  1.8837864e+000  2.4209998e+000  2.7369120e+000  2.6115318e+000  1.1325128e+000  2.6831643e+000
  1.0000000e+000  3.0072047e+000  1.4021843e+000  3.2867748e+000  1.0495762e+000  1.4553653e+000  3.0321222e+000  3.1664179e+000  1.4443577e+000  2.8361535e+000  2.3307924e+000
  2.0000000e+000  8.7653932e-001  4.4664012e+000  2.1679427e+000  3.0852265e+000  2.2637306e+000  3.5808314e+000  3.2612167e+000  3.8326273e+000  4.4870150e+000  2.6092495e+000
  2.0000000e+000  1.8953095e+000  2.1619183e+000  2.8993499e+000  1.8189045e+000  3.5914631e+000  3.2697415e+000  4.2283265e+000  4.0317091e+000  3.2286106e+000  3.9438781e+000
  1.0000000e+000  3.8218360e+000  2.7028098e+000  4.0842748e+000  2.6501188e+000  3.4579077e+000  3.2551215e+000  2.3421131e+000  2.9605497e+000  3.0059300e+000  3.0450957e+000
  2.0000000e+000  3.2620388e+000  3.4465548e+000  3.3347557e+000  2.1971094e+000  2.8228679e+000  4.7408906e+000  4.3376093e+000  3.7318010e+000  1.2730254e+000  1.4355732e+000
  2.0000000e+000  4.0666330e+000  2.9685432e+000  3.1607684e+000  2.5956504e+000  2.7255732e+000  2.7849232e+000  2.3085344e+000  2.3772789e+000  2.2156729e+000  3.9438834e+000
  2.0000000e+000  2.3839238e+000  7.4204866e-001  2.7708823e+000  2.3091398e+000  3.4889245e+000  3.6382053e+000  3.6392297e+000  2.2531130e+000  3.6150948e+000  4.3971109e+000
  2.0000000e+000  3.2023754e+000  3.4095881e+000  3.9657938e+000  4.2119659e+000  2.2927591e+000  5.3465640e+000  5.2198013e+000  2.8437951e+000  4.7139043e+000  4.2840211e+000
  2.0000000e+000  4.3396827e+000  5.5387412e+000  2.9236726e+000  2.9522661e+000  3.2523862e+000  2.9858731e+000  2.9321691e+000  3.6217949e+000  4.1335932e+000  2.0525698e+000
  1.0000000e+000  3.0614619e+000  3.1654010e+000  3.4347770e+000  1.3406635e+000  3.1508520e+000  2.2686865e+000  3.0137036e+000  2.5130145e+000  3.7687393e+000  2.6454166e+000
  2.0000000e+000  5.6738987e+000  2.4098731e+000  2.0940772e+000  4.8357534e+000  1.7918526e+000  2.4898927e+000  4.4499112e+000  2.5577777e+000  4.9938409e+000  3.1654590e+000
  1.0000000e+000  3.6083738e+000  3.2644567e+000  1.7422537e+000  3.2639555e+000  4.0895209e+000  3.2249880e+000  2.7326251e+000  2.4930711e+000  4.3139525e+000  3.9682438e+000
  2.0000000e+000  1.4254810e+000  2.7636807e+000  3.3844889e+000  2.9753150e+000  2.2906223e+000  2.3338414e+000  3.2536798e+000  3.9008622e+000  1.8656326e+000  3.7676721e+000
  1.0000000e+000  3.4878323e+000  3.5093279e+000  1.9339252e+000  2.8386921e+000  2.8886347e+000  2.9391921e+000  2.8256538e+000  3.2160336e+000  2.7778906e+000  4.0157888e+000
  2.0000000e+000  2.8991600e+000  2.1869407e+000  3.1314203e+000  3.8150757e+000  3.6635072e+000  3.3512188e+000  4.6124055e+000  4.1413672e+000  3.7225196e+000  3.0342735e+000
  1.0000000e+000  3.0761531e+000  3.5720182e+000  4.1884526e+000  4.1064000e+000  4.9566816e+000  2.1129393e+000  2.2120804e+000  1.4505695e+000  2.2987492e+000  4.6370802e+000
  2.0000000e+000  7.2266620e-001  3.6193621e+000  1.9065288e+000  3.9198057e+000  1.9096701e+000  4.1898297e+000  2.7248544e+000  2.7098368e+000  3.9063358e+000  4.6853371e+000
  2.0000000e+000  4.0408962e+000  4.8167188e+000  1.8253485e+000  2.1693655e+000  2.6205608e+000  4.0475503e+000  1.8933942e+000  3.0711828e+000  3.3943782e+000  4.1347342e+000
  2.0000000e+000  2.5503193e+000  3.4319327e+000  2.6746141e+000  3.9538637e+000  2.9033672e+000  6.1245495e+000  1.5272111e+000  2.0968728e+000  1.6262229e+000  3.6735497e+000
  2.0000000e+000  2.5149522e+000  2.5686441e+000  2.5704547e+000  1.9372096e+000  2.1125335e+000  2.4973141e+000  3.1702622e+000  3.7987194e+000  9.7329688e-001  3.1576475e+000
  2.0000000e+000  2.2786362e+000  3.9080569e+000  3.2144427e+000  3.7040650e+000  3.0312583e+000  3.8680873e+000  3.3162903e+000  2.7508703e+000  1.5288118e+000  2.0204570e+000
  1.0000000e+000  3.2229172e+000  5.0549135e+000  8.9076130e-001  2.5731859e+000  3.2608835e+000  2.8031380e+000  1.3849614e+000  2.0535200e+000  3.0337414e+000  4.8548727e+000
  2.0000000e+000  3.0274001e+000  3.2280349e+000  1.0562057e+000  2.1050453e+000  2.7582204e+000  4.1163586e+000  1.6108501e+000  3.8837927e+000  2.2903563e+000  3.2546157e+000
  2.0000000e+000  2.8074828e+000  2.3310754e+000  2.5893731e+000  3.4770219e+000  2.1098024e+000  4.1132395e+000  1.1452294e+000  4.8431684e+000  1.9611273e+000  2.1040674e+000
  2.0000000e+000  4.2204618e+000  3.7577018e+000  3.0820820e+000  5.0708056e+000  1.7421958e+000  3.1548701e+000  4.7880147e+000  3.2197577e+000  4.0444542e+000  4.5032843e+000
  2.0000000e+000  2.6188735e+000  2.2996339e+000  3.2346362e+000  2.5542717e+000  2.2225770e+000  1.1131987e+000  3.1954970e+000  3.0948750e+000  4.1100282e+000  3.6434380e+000
  2.0000000e+000  2.0707694e+000  2.1211589e+000  4.3922799e+000  3.3763582e+000  3.0189998e+000  2.1391073e+000  4.2020601e+000  4.8154282e+000  3.4957590e+000  2.0088390e+000
  2.0000000e+000  2.9098033e+000  2.7256192e+000  2.5088728e+000  2.7773967e+000  2.7419826e+000  3.0222950e+000  2.2139749e+000  2.9652142e+000  2.4981767e+000  2.8163232e+000
  2.0000000e+000  4.5004136e+000  2.8021253e+000  2.1371495e+000  1.7861130e+000  3.4500697e+000  2.8590868e+000  9.2793159e-001  3.0670188e+000  3.4753302e+000  3.2275729e+000
  2.0000000e+000  1.7417126e+000  3.1862201e+000  1.1007965e+000  3.1713144e+000  2.2557985e+000  3.5993190e+000  3.5243570e+000  2.1036617e+000  2.9045138e-001  3.1604342e+000
  1.0000000e+000  3.6008592e+000  1.6437866e+000  2.5216692e+000  2.0361068e+000  2.0222931e+000  3.2014019e+000  4.0145896e+000  1.2284723e+000  4.2467900e+000  3.9125712e+000
  1.0000000e+000  3.7358372e+000  4.8935892e+000  4.5927684e+000  2.7575878e+000  1.5660977e+000  3.3722914e+000  9.9983927e-001  4.0871292e+000  2.0305257e+000  2.5451479e+000
  1.0000000e+000  3.2008925e+000  2.7433152e+000  4.6991451e+000  2.3222857e+000  1.8434391e+000  2.6907544e+000  3.8408342e+000  1.5021870e+000  2.0964735e+000  3.3021994e+000
  2.0000000e+000  5.4817539e+000  3.5929153e+000  2.3421775e+000  3.4143010e+000  4.0322232e+000  2.7599585e+000  2.8678272e+000  1.9450641e+000  2.7134557e+000  2.7457942e+000
  2.0000000e+000  4.6773841e+000  2.9980919e+000  2.5308563e+000  1.7832206e+000  3.5342664e+000  3.8338854e+000  2.4852910e+000  1.4720424e+000  3.6438423e+000  1.8634403e+000
