  2.0000000e+000  2.9751398e+000  3.2577049e+000  4.3834409e+000  3.0945465e+000  4.0736568e+000  3.4020957e+000  2.9062374e+000  3.9819766e+000  4.6005111e+000  2.2511784e+000
  1.0000000e+000  2.3308847e+000  5.0575939e+000  2.3566293e+000  2.0711290e+000  2.8008966e+000  2.9611542e+000  3.5190102e+000  1.1779584e+000  5.0715451e+000  3.1295218e+000
  2.0000000e+000  3.7698006e+000  3.3600612e+000  4.4373776e+000  2.8532163e+000  9.6372318e-001  9.8680345e-001  3.1400066e+000  7.8525684e-001  9.8784715e-001  3.0114622e+000
  2.0000000e+000  3.8316062e+000  4.0666652e+000  3.2374439e+000  2.9427149e+000  1.1899110e+000  1.4658704e+000  1.8557351e+000  3.6954788e+000  3.1136114e+000  3.2173170e+000
  2.0000000e+000  2.1551865e+000  3.2286347e+000  2.2213064e+000  3.2526095e+000  3.1643642e+000  1.2708894e+000  3.7933560e+000  2.9224083e+000  3.0945071e+000  2.0213786e+000
  2.0000000e+000  3.3236654e+000  3.2250443e+000  7.7012831e-001  1.5657934e+000  3.4611545e-001  4.6113855e+000  3.2092380e+000  2.3854448e+000  3.3287430e+000  1.4429724e+000
  2.0000000e+000  2.8991367e+000  4.1592590e+000  3.2293009e+000  2.4231190e+000  4.5128930e+000  3.2891329e+000  2.8354803e+000  1.5394082e+000  3.2319084e+000  4.2206819e+000
  1.0000000e+000  2.5604865e+000  4.9520205e+000  2.7557073e+000  3.5635820e+000  2.8678769e+000  3.9816537e+000  3.4108417e+000  3.3619008e+000  2.5652879e+000  2.6473552e+000
  2.0000000e+000  3.6923463e+000  4.6557852e+000  4.5513476e+000  2.0858680e+000  1.0435555e+000  4.0344262e+000  2.0861356e+000  4.4732552e+000  3.2001951e+000  3.8062908e+000
  2.0000000e+000  2.3125186e+000  3.8779468e+000  3.5069923e+000  4.0029073e+000  3.3150037e+000  2.5280649e+000  2.1598518e+000  2.1553803e+000  3.2003559e+000  2.7261947e+000
  2.0000000e+000  3.3913824e+000  1.1379983e+000  2.7086956e+000  5.0341299e+000  3.3314297e+000  7.0883629e-001  4.9796372e+000  1.2804367e+000  3.1475044e+000  3.0649200e+000
  2.0000000e+000  2.7288553e+000  3.6890080e+000  3.0976372e+000  2.6044012e+000  4.7750330e+000  5.5976735e+000  3.4845910e+000  2.8436640e+000  3.1812395e+000  3.9387800e+000
  2.0000000e+000  4.1199384e+000  2.2641819e+000  2.4307840e+000  3.3194092e+000  2.2637424e+000  4.1798368e+000  2.3842798e+000  4.2573961e+000  2.5049637e+000  2.4630520e+000
  2.0000000e+000  3.7711305e+000  2.7975255e+000  3.2083701e+000  2.5762929e+000  3.5086062e+000  1.1344146e+000  4.7432019e+000  4.1303554e+000  2.5360138e+000  2.9439328e+000
  2.0000000e+000  2.8147002e+000  1.7303656e+000  3.1224355e+000  3.4748581e+000  3.5486729e+000  3.8981422e+000  1.5046844e+000  1.6832471e+000  4.1977343e+000  3.1055815e+000
  2.0000000e+000  2.6164697e+000  4.7585790e+000  4.0813737e+000  2.4627824e+000  4.5876142e+000  1.9902994e+000  2.5677984e+000  4.1221168e+000  3.6437777e+000  2.8359064e+000
  1.0000000e+000  2.1755494e+000  2.1821679e+000  4.0407736e+000  3.2904447e+000  3.6761532e+000  3.3971312e+000  3.4661791e+000  3.5988529e+000  1.6389797e+000  2.8563571e+000
  2.0000000e+000  1.8140976e+000  3.3262471e+000  3.3208507e+000  2.8323237e+000  3.7778828e+000  2.7165011e+000  2.7158021e+000  2.5986067e+000  2.2296958e+000  2.8047935e+000
  2.0000000e+000  1.4922819e+000  3.8718741e+000  2.1693668e+000  2.7566441e+000  3.7189079e+000  4.0699402e+000  2.0591409e+000  1.2419057e+000  3.4015115e+000  2.6004345e+000
  2.0000000e+000  3.6092859e+000  4.6931779e+000  3.1647573e+000  1.6420686e+000  2.8594914e+000  3.1785345e+000  2.1024527e+000  2.1992025e+000  2.1717129e+000  2.5212812e+000
  2.0000000e+000  3.1615268e+000  3.5346297e+000  3.7313348e+000  3.8984648e+000  4.3211421e+000  2.9316873e+000  2.8082701e+000  1.6675770e+000  3.8992438e+000  4.1993121e+000
  2.0000000e+000  3.2675952e+000  4.0115632e+000  2.6015629e+000  2.8442401e+000  2.0827019e+000  2.7593167e+000  3.2143982e+000  2.9946907e+000  1.2819190e+000  1.5076010e+000
  2.0000000e+000  2.9215502e+000  2.9422577e+000  2.6102186e+000  2.8431828e+000  1.8100193e+000  1.9306328e+000  3.7658984e+000  2.7064029e+000  2.9413995e+000  4.0383835e+000
  2.0000000e+000  3.6726136e+000  1.3614146e+000  4.2275943e+000  2.4988977e+000  2.7477553e+000  4.7139093e+000  2.9924576e+000  2.6907049e+000  3.0632599e+000  2.2482814e+000
  2.0000000e+000  3.5212382e+000  4.8223410e-001  3.8027141e+000  1.2501519e+000  3.2169895e+000  1.0556182e+000  4.1187898e+000  4.2854154e+000  2.2057712e+000  2.2850612e+000
  1.0000000e+000  2.6382323e+000  4.4630182e+000  3.8059647e+000  2.5717079e+000  1.7742263e+000  3.8102437e+000  3.2822292e+000  3.5777929e+000  1.9074817e+000  3.4049765e+000
  2.0000000e+000  4.3329320e+000  9.6973113e-001  2.4349052e+000  4.5162094e+000  3.5276472e+000  4.7561050e+000  1.9655172e+000  3.0433657e+000  3.0667542e+000  3.1860782e+000
  2.0000000e+000  4.4000227e+000  3.8324856e+000  2.8175902e+000  2.4956943e+000  4.6928134e+000  3.7101775e+000  2.3080937e+000  3.3194727e+000  2.9932380e+000  1.8343203e+000
  2.0000000e+000  2.4393333e+000  2.8848560e+000  4.4620723e+000  3.9240879e+000  2.8736180e+000  2.0380902e+000  5.0883599e+000  1.1100102e+000  2.9910645e+000  1.7049678e+000
  1.0000000e+000  2.1334802e+000  3.6496150e+000  2.8143886e+000  1.2884616e+000  2.5280891e+000  3.2951961e+000  3.6843831e+000  3.7344764e+000  3.8223308e+000  3.7080515e+000
  2.0000000e+000  2.6903009e+000  3.5722784e+000  3.4249037e+000  1.6876313e+000  3.0334762e+000  2.0310337e+000  2.3047546e+000  2.2850254e+000  2.9070584e+000  3.8241449e+000
  2.0000000e+000  2.0000567e+000  2.3154165e+000  2.3177686e+000  2.2315752e+000  5.2371664e+000  1.0048154e+000  3.3796346e+000  3.9863479e+000  3.0734036e+000  2.4254566e+000
  2.0000000e+000  3.0232739e+000  2.8460010e+000  1.8729082e+000  1.6819062e+000  1.0138910e+000  5.7100389e+000  3.4096207e+000  2.9964290e+000  3.3065790e+000  2.5889456e+000
  2.0000000e+000  1.1587643e+000  3.0522749e+000  3.1361272e+000  7.4793989e-001  3.3726993e+000  3.9887671e+000  2.9487958e+000  3.5713130e+000  4.5956914e+000  2.0673222e+000
  2.0000000e+000  2.8718365e+000  2.8792594e+000  4.0291179e+000  3.3385749e+000  3.0462742e+000  2.3101901e+000  2.3500654e+000  1.8309731e+000  1.3389471e+000  3.9077446e+000
  2.0000000e+000  3.5199511e+000  3.1353721e+000  2.3303304e+000  2.1418640e+000  3.0662473e+000  2.5215949e+000  2.7341972e+000  2.7751583e+000  4.5663521e+000  2.9435423e+000
  2.0000000e+000  3.1300269e+000  4.2269644e+000  2.8689526e+000  4.1506618e+000  1.8886454e+000  3.8557434e+000  2.3105848e+000  3.1399092e+000  2.9082415e+000  1.9830532e+000
  2.0000000e+000  3.1556002e+000  2.4924238e+000  2.5808798e+000  2.2136903e+000  4.2049980e+000  3.3149089e+000  2.1326666e+000  7.4890886e-001  1.6930179e+000  1.8327882e+000
  2.0000000e+000  3.5685047e+000  3.1162167e+000  2.7621287e+000  2.8988185e+000  2.2569531e+000  3.3952551e+000  2.6417357e+000  2.3902563e+000  3.0825758e+000  5.0057324e+000
  1.0000000e+000  1.9657332e+000  3.8564587e+000  3.4137820e+000  4.2700104e+000  1.2748881e+000  3.4379140e+000  3.7886606e+000  5.0104787e-001  1.6948407e+000  2.8794716e+000
  2.0000000e+000  2.3103930e+000  1.5324148e+000  1.5616348e+000  8.3261786e-001  2.3343238e+000  2.0931288e+000  2.3781515e+000  2.2551480e+000  3.5550853e+000  3.4947156e+000
  2.0000000e+000  4.2224140e+000  2.4505286e+000  2.7861342e+000  2.8075375e+000  5.8431757e-001  2.3829491e+000  1.4185506e+000  3.7787544e+000  3.2608905e+000  3.4358330e+000
  2.0000000e+000  3.6828943e+000  2.3625713e+000  2.5719280e+000  1.8850522e+000  2.2415341e+000  1.9231734e+000  2.6230783e+000  3.1864828e+000  4.2230183e+000  4.0028628e+000
  2.0000000e+000  2.9459341e+000  3.0544153e+000  4.0311729e+000  3.1875818e+000  3.0201200e+000  2.3923676e+000  4.1248580e+000  3.2047318e+000  2.0914045e+000  1.9425422e+000
  2.0000000e+000  2.6161494e+000  1.8725897e+000  3.0384321e+000  2.4654081e+000  2.2046547e+000  2.4484217e+000  2.3734272e+000  3.0347316e+000  2.5709493e+000  2.1834205e+000
  2.0000000e+000  3.6847511e+000  2.5158289e+000  2.4332946e+000  1.5167621e+000  4.1375002e+000  2.6383033e+000  3.7280674e+000  3.5538745e+000  1.9504951e+000  2.2166750e+000
  2.0000000e+000  3.0202259e+000  3.7460333e+000  2.8217989e+000  1.7080966e+000  2.8725668e+000  3.8266669e+000  4.0204162e+000  2.3947854e+000  2.4758009e+000  3.7962724e+000
  2.0000000e+000  4.2648668e+000  2.4511701e+000  1.0728206e+000  2.0685856e+000  2.2305959e+000  3.0290744e+000  4.2265920e+000  2.8912647e+000  3.1280148e+000  3.7997449e+000
  2.0000000e+000  4.1162788e+000  1.9406357e+000  3.3632865e+000  3.9287539e+000  2.7865185e+000  2.9251322e+000  2.2371458e+000  3.4818203e+000  1.9956899e+000  3.7883627e+000
  2.0000000e+000  3.9097903e+000  3.3602962e+000  4.2372985e+000  3.7912130e+000  4.3063821e+000  1.8398266e+000  4.4312555e+000  3.8104539e+000  2.6979925e+000  1.9198378e+000
  2.0000000e+000  4.8924656e+000  2.8131118e+000  3.5715423e+000  4.7836987e+000  3.4659641e+000  2.3121793e+000  1.9470421e+000  2.9474302e+000  1.8321643e+000  2.0144099e+000
  2.0000000e+000  2.7368480e+000  2.8041857e+000  3.3818561e+000  2.2642778e+000  2.1267959e+000  2.0449514e+000  2.2820408e+000  3.1747463e+000  4.0532366e+000  1.9586176e+000
  2.0000000e+000  4.4969621e+000  2.2817484e+000  3.2671386e+000  4.2626246e+000  3.3430641e+000  2.3863880e+000  2.7836761e+000  3.4327761e+000  1.7456306e+000  1.4307699e+000
  2.0000000e+000  2.7984327e+000  3.8750850e+000  4.2984915e+000  4.0943651e+000  4.6076258e+000  2.5801121e+000  7.8049138e-001  2.5574226e+000  2.7062116e+000  3.7307195e+000
  2.0000000e+000  4.3293937e+000  3.2709180e+000  3.9567622e+000  2.0887202e+000  1.5630963e+000  3.0257785e+000  5.1056599e+000  3.8932668e+000  2.7889055e+000  2.8107489e+000
  1.0000000e+000  2.8769916e+000  4.9986581e+000  3.2764415e+000  1.2213782e+000  1.5384908e+000  2.8718722e+000  3.6146762e+000  4.7247000e+000  2.7767409e+000  2.4820980e+000
  2.0000000e+000  2.4769972e+000  2.3264197e+000  2.9802830e+000  3.5080955e+000  3.2789425e+000  2.3479220e+000  1.8643903e+000  3.5260513e+000  4.3096071e+000  2.6311217e+000
  2.0000000e+000  3.9962179e+000  3.3198479e+000  4.2583524e+000  3.0931761e+000  1.3093726e+000  2.6458290e+000  1.9010557e+000  2.2186643e+000  3.5763366e+000  2.6654700e+000
  2.0000000e+000  3.0142024e+000  2.1329297e+000  3.9116065e+000  3.3686532e+000  2.8026194e+000  2.3599470e+000  1.2237246e+000  2.5305111e+000  2.1608611e+000  3.4013669e+000
  2.0000000e+000  3.8867860e+000  3.5116927e+000  3.1003238e+000  2.7586641e+000  7.2664608e-001  3.4637887e+000  2.8841627e+000  3.5766004e+000  3.1953788e+000  3.2305495e+000
  1.0000000e+000  4.4225202e+000  1.9816010e+000  3.3858910e+000  2.8928134e+000  2.7090681e+000  3.3649434e+000  3.4281472e+000  3.0005348e+000  3.3784780e+000  2.1866195e+000
  2.0000000e+000  1.2951697e+000  3.0711105e+000  1.8020103e+000  3.5838840e+000  2.6005208e+000  4.0433401e+000  2.8214893e+000  1.2427167e+000  4.0608646e+000  4.4229790e+000
  1.0000000e+000  4.1227899e+000  1.9629491e+000  2.8925938e+000  2.6124587e+000  3.2674561e+000  2.9362583e+000  3.3137111e+000  4.9607464e+000  4.0923903e+000  2.8260281e+000
  1.0000000e+000  2.3098969e+000  1.8237620e+000  3.6048878e+000  2.5519647e+000  2.5595293e+000  4.5410337e+000  3.0126480e+000  3.3953594e+000  2.6033300e+000  2.6401381e+000
  2.0000000e+000  1.1986799e+000  1.5492521e+000  3.3513732e+000  1.5309284e+000  2.5567473e+000  3.5201847e+000  4.5898443e+000  2.3141625e+000  3.4549376e+000  2.6031938e+000
  1.0000000e+000  3.5026383e+000  2.0025441e+000  2.8358187e+000  3.3858677e+000  3.8478460e+000  2.4614015e+000  3.5729710e+000  1.4176980e+000  1.4583394e+000  2.3623713e+000
  1.0000000e+000  2.8324756e+000  3.5417310e+000  1.1723412e+000  6.3013377e-001  3.3716392e+000  1.1827429e+000  3.3875877e+000  3.8837324e+000  2.0758114e+000  3.2434503e+000
  2.0000000e+000  2.0844121e+000  2.6647607e+000  3.5030737e+000  2.8543223e+000  4.2442017e+000  2.8860642e+000  3.7827739e+000  8.6498597e-001  3.4929671e+000  4.4752604e+000
  2.0000000e+000  2.7639086e+000  1.1406844e+000  1.6696531e+000  2.9958821e+000  1.2607411e+000  3.5234306e+000  2.1354661e+000  3.9892801e+000  2.8304826e+000  5.0863637e+000
  2.0000000e+000  3.9028803e+000  2.2326502e+000  3.7536355e+000  3.8350940e+000  4.2496822e+000  3.3841183e+000  4.3359152e+000  4.5659614e+000  3.6814986e+000  4.1563411e+000
  1.0000000e+000  3.2411143e+000  3.2900159e+000  2.3822959e+000  1.4805715e+000  5.0313866e+000  1.6775200e+000  3.1977728e+000  3.6102466e+000  2.3060494e+000  3.0929018e+000
  2.0000000e+000  2.4629773e+000  4.2502233e+000  2.4147516e+000  2.4803637e+000  3.3855848e+000  2.7933677e+000  4.0428738e+000  2.7677072e+000  4.7470713e+000  2.7729634e+000
  2.0000000e+000  3.8327123e+000  3.0491233e+000  6.1077297e+000  1.5643929e+000  4.2452650e-001  2.8056413e+000  4.0442807e+000  4.6702985e+000  3.7209397e+000  3.6501599e+000
  2.0000000e+000  3.6346460e+000  2.4085411e+000  2.0541494e+000  1.8522290e+000  1.0616851e+000  2.0259736e+000  2.8841535e+000  1.6966037e+000  2.5491241e+000  1.1340854e+000
  1.0000000e+000  1.2807881e+000  1.9443878e+000  4.1788891e+000  4.2030470e+000  2.7965188e+000  4.1837793e+000  3.3405692e+000  4.2038080e+000  3.6084632e+000  3.7110566e+000
  2.0000000e+000  4.2728084e+000  1.7672039e+000  4.3308610e+000  3.2003812e+000  3.0049087e+000  2.2131268e+000  2.7144352e+000  2.0774557e+000  4.5459656e+000  3.8390127e+000
  2.0000000e+000  2.3298378e+000  3.1705333e+000  2.3791344e+000  2.6451655e+000  2.5604341e+000  4.7875148e+000  2.4891471e+000  2.8222345e+000  3.1291217e+000  2.2123253e+000
  2.0000000e+000  2.5540841e-002  2.2954734e+000  2.3778735e+000  2.4032997e+000  3.0729722e+000  2.2206673e+000  3.3863001e+000  5.5719982e+000  2.3751724e+000  4.4778883e+000
  1.0000000e+000  2.5664022e+000  2.8948705e+000  2.9041208e-001  1.5839893e+000  2.4385443e+000  4.3773984e+000  3.8406703e+000  3.1075042e+000  3.3387428e+000  2.5926560e+000
  2.0000000e+000  3.6563705e+000  3.4439626e+000  3.8159610e+000  3.5459938e+000  2.6263095e+000  2.3396009e+000  2.1915627e+000  4.1589543e+000  2.7391807e+000  1.8410650e+000
  2.0000000e+000  1.9487117e+000  2.2178571e+000  3.2936384e+000  7.9646534e-001  3.2348689e+000  4.0148499e+000  1.9881391e+000  2.6978114e+000  4.7504627e+000  3.8781884e+000
  2.0000000e+000  1.5560501e+000  2.3241442e+000  3.8710049e+000  4.3979658e+000  3.7395801e+000  3.6881070e+000  4.3802050e+000  3.1074336e+000  3.2073806e+000  2.2561199e+000
  2.0000000e+000  5.2201782e+000  4.6983624e+000  2.9658895e+000  3.9077014e+000  3.1588567e+000  3.2558383e+000  3.5902466e+000  3.7836568e+000  3.2298713e+000  3.9503471e+000
  1.0000000e+000  4.2170391e+000  1.7080080e+000  2.8760984e+000  2.4808354e+000  2.6227239e+000  4.3287216e+000  3.4463522e+000  3.2607038e+000  4.8245522e+000  3.3879075e+000
  2.0000000e+000  1.3722876e+000  3.6019908e+000  2.1029897e+000  2.6064257e+000  2.8498440e+000  1.3497740e+000  3.7631999e+000  3.2341343e+000  3.6663459e+000  1.7143802e+000
  2.0000000e+000  3.6263904e+000  2.1158323e+000  3.9384255e+000  2.8781749e+000  3.4640186e+000  2.7508431e+000  2.2101151e+000  2.5261642e+000  4.5387511e+000  3.1433508e+000
  2.0000000e+000  3.6435619e+000  3.4634105e+000  2.0812599e+000  1.5415270e+000  4.6913917e+000  4.2834033e+000  2.8775035e+000  2.3109419e+000  2.5985845e+000  7.1012612e-001
  2.0000000e+000  3.1281634e+000  1.9732714e+000  4.5503127e+000  2.3268596e+000  1.9538023e+000  3.7217155e+000  1.9560323e+000  3.2751619e+000  2.9606000e+000  3.5865266e+000
  2.0000000e+000  2.7718913e+000  2.5229421e+000  3.0912703e+000  4.4199290e+000  1.7281321e+000  5.3716042e+000  2.8650304e+000  2.3519447e+000  3.8252648e+000  3.2205339e+000
  2.0000000e+000  1.7969308e+000  2.4495590e+000  3.0285457e+000  3.9597974e+000  2.6524769e+000  2.9542028e+000  2.5835923e+000  1.7053630e+000  2.7116529e+000  5.1517604e+000
  2.0000000e+000  1.6254005e+000  2.4638645e+000  4.7312211e+000  5.5227330e+000  2.4825693e+000  3.5614665e+000  1.7560435e+000  4.7326394e+000  2.2201733e+000  2.0026404e+000
  2.0000000e+000  3.8065855e+000  4.4143154e+000  1.5940746e+000  1.6018974e+000  2.9490218e+000  2.8308574e+000  5.0310035e+000  3.5928638e+000  1.9778013e+000  1.8803683e+000
  2.0000000e+000  3.1717643e+000  1.2707235e+000  4.2988958e+000  4.5191539e+000  3.5831758e+000  4.2490098e+000  4.1458273e+000  4.7974213e+000  1.0242178e+000  3.6943257e+000
  2.0000000e+000  4.5273066e+000  3.3294133e+000  3.9327053e+000  3.3308802e+000  2.8343442e+000  2.8243427e+000  3.5695838e+000  2.9920394e+000  2.0608887e+000  1.9981135e+000
  2.0000000e+000  4.8924304e+000  2.7258330e+000  1.7089110e+000  2.7588028e+000  1.5878437e+000  1.4171087e+000  2.6867487e+000  3.7333912e+000  2.4625644e+000  2.9468923e+000
  2.0000000e+000  3.1737154e+000  1.6741339e+000  3.8797804e+000  1.8790208e+000  2.4463688e+000  2.5725606e+000  3.8042933e+000  2.0547063e+000  2.2202493e+000  2.0697362e+000
  2.0000000e+000  3.2433938e+000  8.8651807e-001  4.0686053e+000  3.7703284e+000  3.1334627e+000  3.7890046e+000  1.6148977e+000  2.5444355e+000  3.4268259e+000  3.8086325e+000
  2.0000000e+000  3.4509931e+000  4.3373091e+000  2.0722157e+000  2.4823635e+000  3.2817122e+000  3.3604835e+000  2.5510546e+000  4.4949684e+000  3.6240251e+000  2.7401122e+000
  2.0000000e+000  4.2342634e+000  2.6046059e+000  1.9638587e+000  3.0243671e+000  2.0035749e+000  3.0273476e+000  1.9198983e+000  2.9530275e+000  1.3362085e+000  2.7647677e+000
  2.0000000e+000  2.3231462e+000  2.4189444e+000  2.3459710e+000  3.5433011e+000  3.2502723e+000  1.9616769e+000  4.6219180e+000  3.1739325e+000  3.7073068e+000  2.4385900e+000
