  2.0000000e+000  3.4844811e+000  3.4791077e+000  1.5194811e+000  4.2353381e+000  1.8972630e+000  2.1856473e+000  4.4764905e+000  3.2921066e+000  2.6074839e+000  3.1868692e+000
  2.0000000e+000  2.5726891e+000  3.7054519e+000  3.2097466e+000  2.3992433e+000  3.3087865e+000  3.9046402e+000  2.5822292e+000  3.1723934e+000  3.6079924e+000  2.7083014e+000
  2.0000000e+000  1.8285922e+000  1.4246866e+000  3.9780584e+000  2.0530916e+000  3.5003789e+000  3.7709683e+000  3.2916295e+000  2.5520048e+000  3.6467486e+000  4.4530357e+000
  2.0000000e+000  4.4092789e+000  3.8287310e+000  4.0893348e+000  2.6573394e+000  4.3701751e+000  3.5667998e+000  1.6925723e+000  2.9521473e+000  3.5112662e+000  3.8189232e+000
  2.0000000e+000  2.1975212e+000  3.3227084e+000  4.6193714e+000  1.2877858e+000  2.6426232e+000  4.0127186e+000  2.1424940e+000  3.1974609e+000  2.9198881e+000  3.4392532e+000
  2.0000000e+000  3.5052274e+000  4.5502701e+000  3.5872424e+000  3.4700756e+000  5.0831596e+000  3.3175343e+000  1.9467731e+000  2.4366699e+000  5.2889198e+000  1.2898589e+000
  2.0000000e+000  1.7089817e+000  3.9362889e+000  4.9382393e+000  2.8569037e+000  4.4302428e+000  2.6070232e+000  3.6433187e+000  3.2964669e+000  2.7287918e+000  4.2674803e+000
  2.0000000e+000  4.1589560e+000  1.7709937e+000  2.8658420e+000  4.2293349e+000  1.8967710e+000  3.5254648e+000  4.1672387e+000  2.0376372e+000  3.7824946e+000  2.8288870e+000
  2.0000000e+000  2.5758024e+000  3.2821158e+000  3.8104567e+000  4.2842156e+000  2.8744750e+000  2.4325139e+000  1.5549575e+000  3.0930547e+000  4.4509510e+000  2.4619234e+000
  2.0000000e+000  4.3983148e+000  4.0594092e+000  6.7016782e-001  1.2560823e+000  4.1926725e+000  1.9115394e+000  3.7980252e+000  2.7878081e+000  1.3333814e+000  2.7986650e+000
  2.0000000e+000  2.7185553e+000  4.0737250e+000  3.5638307e+000  1.7910795e+000  2.4579482e+000  7.5363396e-001  3.2564826e+000  1.0082331e+000  2.5720725e+000  1.8466343e+000
  2.0000000e+000  3.9936579e+000  3.5778080e+000  2.0244286e+000  2.7106889e+000  2.3947372e+000  3.6899105e+000  3.8771527e+000  4.3222143e+000  1.8189296e+000  1.3763528e+000
  2.0000000e+000  1.4230668e+000  1.7760980e+000  2.7864509e+000  4.0768106e+000  2.3413217e+000  1.9742346e+000  2.1820694e+000  3.2213498e+000  3.4204929e+000  2.4247987e+000
  2.0000000e+000  1.9423881e+000  3.6660300e+000  4.7422456e+000  3.1191772e+000  4.7281201e+000  3.5347578e+000  4.5706420e+000  3.5702390e+000  3.9481906e+000  3.2781191e+000
  2.0000000e+000  3.4906328e+000  3.6496085e+000  2.2030911e+000  1.8128996e+000  2.7358996e+000  3.3967339e+000  1.1010404e+000  2.7321776e+000  2.6742787e+000  3.2767957e+000
  1.0000000e+000  3.0334790e+000  3.5401678e+000  3.6559828e+000  3.1812044e+000  3.8171953e+000  4.6472913e+000  3.0987972e+000  3.7749041e+000  1.4242274e+000  3.4040704e+000
  2.0000000e+000  1.1829998e+000  3.5513047e+000  3.1539766e+000  1.6510939e+000  1.7818470e+000  2.6831080e+000  5.4183190e+000  3.4619876e+000  2.8056131e+000  1.8522413e+000
  1.0000000e+000  3.1856015e+000  2.8690938e+000  3.2607418e+000  3.7548421e+000  1.6942082e+000  2.9808240e+000  3.5415544e+000  2.9642132e+000  3.3319344e+000  3.1709576e+000
  1.0000000e+000  3.7286979e+000  3.3906938e+000  3.6985958e+000  3.2122399e+000  3.9113341e+000  2.5865986e+000  3.4028646e+000  2.6402879e+000  3.2441875e+000  7.3313714e-001
  2.0000000e+000  4.0608007e+000  3.8317246e+000  1.0276759e+000  4.4192982e+000  2.8402738e+000  3.1461462e+000  2.3994365e+000  4.0978313e+000  3.1953169e+000  3.5900342e+000
  2.0000000e+000  4.0892388e+000  1.6133948e+000  3.4673707e+000  4.1856740e+000  1.4018813e+000  3.4668624e+000  2.2479573e+000  2.1170097e+000  1.8870598e+000  2.5697162e+000
  2.0000000e+000  4.1479208e+000  1.7573030e+000  1.6152169e+000  3.1285678e+000  2.0206302e+000  2.3945189e+000  2.5031020e+000  2.9379712e+000  2.6507632e+000  2.6215781e+000
  2.0000000e+000  2.9938101e+000  4.9123294e+000  2.4561789e+000 -1.6640816e-001  9.1795528e-001  1.6532450e+000  2.9538968e+000  3.3476351e+000  1.7346003e+000  4.4528015e+000
  2.0000000e+000  1.6367937e+000  2.5746101e+000  3.4834034e+000  3.9742834e+000  3.5450029e+000  2.7889881e+000  3.7965157e+000  2.4416425e+000  4.2664656e+000  1.4287258e+000
  2.0000000e+000  2.7944905e+000  3.3008136e+000  3.3349931e+000  2.2628804e+000  1.7873719e+000  2.0886139e+000  2.1532979e+000  4.3153945e+000  4.6328528e+000  2.7886690e+000
  2.0000000e+000  3.6102393e+000  3.9383166e+000  3.4863916e+000  3.4379978e+000  3.7555960e+000  3.8288866e+000  4.4264236e+000  1.0612387e+000  2.4189816e+000  3.7178524e+000
  2.0000000e+000  1.4125468e+000  2.1226513e+000  2.9712007e+000  1.5256697e+000  2.7157906e+000  2.7309606e+000  3.7300778e+000  4.0749921e+000  3.3058514e+000  2.9524743e+000
  2.0000000e+000  1.6978796e+000  3.1222459e+000  1.7391620e+000  3.2282801e+000  5.0191523e+000  3.9831576e+000  1.9018693e+000  3.5830321e+000  3.9439380e+000  3.9232630e+000
  2.0000000e+000  2.5594640e+000  1.9585268e+000  4.1157743e+000  3.5178003e+000  1.3222091e+000  1.3656314e+000  3.7852166e+000  2.5331851e+000  4.1025201e+000  7.8084535e-001
  2.0000000e+000  3.9059365e+000  1.5731194e+000  2.4406650e+000  3.5949905e+000  3.6484325e+000  3.6229478e+000  3.7266900e+000  3.4052516e+000  1.7201131e+000  2.9603337e+000
  1.0000000e+000  3.4367263e+000  2.9262639e+000  1.8927696e+000  2.2814962e+000  1.6283591e+000  4.8968140e+000  3.2857202e+000  2.3618977e+000  2.8489999e+000  3.3456972e+000
  2.0000000e+000  2.9560383e+000  1.5193278e+000  1.4186177e+000  3.7603224e+000  2.8775542e+000  2.4243145e+000  3.1381347e+000  2.3449376e+000  3.6929368e+000  3.0360725e+000
  2.0000000e+000  2.2394934e+000  2.0941055e+000  2.6473114e+000  5.0256055e+000  1.8578755e+000  2.9949816e+000  2.8215865e+000  3.4628488e+000  3.0292414e+000  3.6400566e+000
  2.0000000e+000  4.7514893e+000  2.2927496e+000  2.6881062e+000  3.7401606e+000  2.3172779e+000  2.2174321e+000  2.7593142e+000  3.7648426e+000  3.7819934e+000  3.0103779e+000
  2.0000000e+000  6.7562624e-001  3.0575442e+000  5.2284805e+000  1.6672875e+000  3.6460903e+000  2.9691199e+000  3.9708592e+000  2.1415795e+000  2.4839632e+000  3.1474498e+000
  1.0000000e+000  3.2711222e+000  2.6953356e+000  1.8548679e+000  2.1778841e+000  2.4628781e+000  3.3873191e+000  2.1253425e+000  3.9294229e+000  3.8221672e+000  1.0734026e+000
  2.0000000e+000  1.8803268e+000  3.8339417e+000  2.1278987e+000  2.3591574e+000  4.1129991e+000  3.4994200e+000  2.9364649e+000  1.3956771e+000  4.4200449e+000  2.3062350e+000
  1.0000000e+000  3.4512533e+000  2.2961203e+000  2.8606582e+000  2.5121008e+000  5.0127088e+000  4.2202145e+000  3.3025046e+000  1.0906836e+000  3.8362333e+000  2.8409111e+000
  2.0000000e+000  2.3079205e+000  1.9373778e+000  3.8169642e+000  3.9229282e+000  2.0107652e+000  3.0447122e+000  3.2142093e+000  1.4869832e+000  3.1121115e+000  2.4108674e+000
  2.0000000e+000  1.4682507e+000  3.5173947e+000  2.7491781e+000  2.8466387e+000  2.9197847e+000  3.5549184e+000  1.6234406e+000  3.3919724e+000  2.6512786e+000  2.6596215e+000
  2.0000000e+000  2.1816119e+000  3.7404865e+000  2.9878244e+000  3.9451490e+000  2.8824605e+000  1.9019358e+000  2.3393533e+000  4.0203877e+000  4.6954233e+000  3.5102268e+000
  2.0000000e+000  3.4955230e+000  1.6492826e+000  3.6453159e+000  1.6503511e+000  2.6167691e+000  5.1243101e+000  3.7171282e-001  4.4705322e+000  4.5671239e+000  3.1401109e+000
  1.0000000e+000  3.2737375e+000  3.9335228e+000  1.4477936e+000  3.2611037e+000  2.9841493e+000  3.5516792e+000  2.8104263e+000  2.0064177e+000  5.6680160e+000  2.4486511e+000
  2.0000000e+000  3.8964123e+000  2.4193207e+000  1.0134375e+000  3.2375866e+000  3.4342777e+000  3.6279192e+000  2.8067482e+000  3.7791901e+000  3.0165703e+000  1.9865539e+000
  2.0000000e+000  2.4503816e+000  2.7963951e+000  2.1469019e+000  2.7819747e+000  3.9194405e+000  2.7144344e+000  3.5040685e+000  3.6019197e+000  2.7879100e+000  2.5369798e+000
  2.0000000e+000  1.8158634e+000  2.6873340e+000  2.3207218e+000  1.8976239e+000  1.4214643e+000  3.6284831e+000  3.5650921e+000  2.7071344e+000  1.0984359e+000  3.0746877e+000
  2.0000000e+000  4.0786229e+000  2.6726340e+000  4.1614496e+000  3.3786604e+000  2.6228295e+000  3.5902731e+000  2.4069897e+000  4.2987303e+000  2.2982565e+000  2.6185895e+000
  2.0000000e+000  2.9705168e+000  2.1246521e+000  9.4257330e-001  3.6990169e+000  1.8047715e+000  4.6860930e+000  4.9105821e+000  2.8568745e+000  2.9602199e+000  1.3090620e+000
  1.0000000e+000  3.3589343e+000  4.8828691e+000  4.4545521e+000  4.7460553e+000  3.0586523e+000  2.8030671e+000  3.9264060e+000  2.5985675e+000  4.4475018e+000  2.3625121e+000
  2.0000000e+000  1.3574281e+000  3.8225070e+000  4.4599807e+000  3.7387241e+000  1.9068222e+000  2.1299583e+000  3.9972545e+000  4.0965135e+000  1.5457449e+000  1.5139106e+000
  2.0000000e+000  2.9240273e+000  2.1971260e+000  2.4968234e+000  4.0963784e+000  1.5291143e+000  2.7686147e+000  7.7490399e-001  4.5305640e+000  1.1474185e+000  3.2134633e+000
  2.0000000e+000  4.2254601e+000  2.3713056e+000  4.0845725e+000  4.4014232e+000  3.9045756e+000  3.9396501e+000  1.9652967e+000  3.4713536e+000  2.8752760e+000  3.8396997e+000
  2.0000000e+000  8.2003569e-001  2.9295503e+000  2.6043194e+000  2.3846147e+000  3.4523006e+000  3.9624587e+000  2.8252182e+000  3.7769750e+000  1.6086304e+000  2.3729531e+000
  2.0000000e+000  4.3894664e+000  1.1916540e+000  4.7602919e+000  2.7885799e+000  4.5120127e+000  3.5538151e+000  3.0377835e+000  4.2823009e+000  4.7755613e+000  3.4506033e+000
  2.0000000e+000  1.9718278e+000  3.4515502e+000  2.8462277e+000  3.1338052e+000  2.1852345e+000  1.9011714e+000  3.1709706e+000  1.8289397e+000  2.4375335e+000  3.1684132e+000
  2.0000000e+000  1.7125880e+000  2.2879650e+000  1.8856363e+000  1.7275586e+000  3.2102292e+000  2.8238201e+000  3.6504198e+000  2.5734479e+000  2.0418796e+000  2.4550956e+000
  2.0000000e+000  1.4444418e+000  5.4949702e+000  2.4320813e+000  2.0606039e+000  1.7867032e+000  2.8360416e+000  1.5113496e+000  2.4242745e-001  3.5927023e+000  3.7137580e+000
  2.0000000e+000  3.6232294e+000  4.8128146e+000  3.1144625e+000  2.3931941e+000  2.2380449e+000  2.7128445e+000  1.9951257e+000  1.8747507e+000  2.7316189e+000  2.8035040e+000
  2.0000000e+000  2.6380229e+000  2.3235914e+000  2.5659229e+000  2.6255602e+000  3.4815493e+000  2.1305205e+000  4.9379006e+000  3.7939548e+000  3.6396588e+000  2.6723730e+000
  2.0000000e+000  4.3977860e+000  2.6955830e+000  2.3291652e+000  2.4326927e+000  2.4232821e+000  3.9068457e+000  2.9397988e+000  4.4051020e+000  3.3351724e+000  3.4079121e+000
  2.0000000e+000  4.5431763e+000  2.8600211e+000  4.2236063e+000  2.2819929e+000  4.1323228e+000  3.4799942e+000  4.2869068e+000  2.0240373e+000  3.1794332e+000  2.9653713e+000
  2.0000000e+000  3.1880444e+000  2.5590361e+000  3.2681786e+000  2.7144285e+000  1.8347538e+000  3.2233908e+000  1.2737738e+000  2.6171621e+000  3.4928320e+000  2.1116165e+000
  1.0000000e+000  3.5931828e+000  3.8746590e+000  3.2730579e+000  2.5880892e+000  2.9759017e+000  3.7377475e+000  3.2186959e+000  2.0856857e+000  2.6506918e+000  3.9349765e+000
  2.0000000e+000  2.7510889e+000  2.4001180e+000  2.5373776e+000  6.1527547e-001  3.5563889e+000  2.4607659e+000  1.8406331e+000  3.7470503e+000  3.4880100e+000  4.0074436e+000
  2.0000000e+000  2.4871274e+000  2.6410844e+000  2.5288049e+000  5.7403210e-001  3.5619118e+000  3.2917364e+000  2.3605592e+000  3.9439760e+000  1.8224111e+000  1.4327037e+000
  2.0000000e+000  2.3694319e+000  3.3231498e+000  4.1991058e+000  3.0893340e+000  1.8528471e+000  3.6149880e+000  5.3925863e+000  3.4017622e+000  4.0043823e+000  2.4832261e+000
  2.0000000e+000  1.2433445e+000  3.2782038e+000  3.0899895e+000  4.1895132e+000  3.1850588e+000  3.2880944e+000  2.7047225e+000  4.5044795e+000  3.4349601e+000  3.2935548e+000
  2.0000000e+000  3.1305305e+000  3.5782865e+000  5.5875837e-001  2.6715293e+000  3.2997394e+000  4.0630801e+000  2.3953485e+000  1.9683477e+000  2.6998836e+000  2.8048627e+000
  2.0000000e+000  3.9614522e-001  4.3023282e+000  4.5708423e+000  3.0107030e+000  2.9144623e+000  2.4872796e+000  4.0982683e+000  2.5132776e+000  3.8963872e+000  2.4524747e+000
  2.0000000e+000  2.6910568e+000  3.6824435e+000  2.4120651e+000  3.5777492e+000  4.3169645e+000  2.6306840e+000  5.0229080e+000  2.2840519e+000  4.3072452e+000  2.1730083e+000
  2.0000000e+000  1.9910704e+000  3.4543650e+000  1.5223977e+000  2.5049494e+000  3.5119610e+000  2.7826066e+000  4.1849388e+000  3.9771867e+000  3.3662795e+000  3.6125961e+000
  2.0000000e+000  2.5940467e+000  4.6820061e+000  1.7409690e+000  3.6715028e+000  2.7959011e+000  1.8766292e+000  3.8854143e+000  3.6344669e+000  3.1419199e+000  3.2798198e+000
  1.0000000e+000  3.4927362e+000  2.8235994e+000  3.2108268e+000  3.7901286e+000  2.6164039e+000  1.5954187e+000  2.1703585e+000  3.3991532e+000  4.4983074e+000  2.9134639e+000
  2.0000000e+000  3.6536840e+000  3.9207503e+000  1.8754488e+000  4.0154912e+000  2.2678216e+000  2.7287209e+000  4.2798846e+000  3.2516639e+000  1.8404626e+000  4.9434359e+000
  2.0000000e+000  4.2355275e+000  3.6168461e+000  2.4828380e+000  3.2505744e+000  3.2926096e+000  5.7668206e+000  2.3004162e+000  3.1486837e+000  1.8020043e+000  5.1817118e+000
  2.0000000e+000  3.2670405e+000  4.4010333e+000  4.1696161e+000  3.6048820e+000  3.8870702e+000  3.2460107e+000  4.0258450e+000  3.3222004e+000  2.9805987e+000  3.7547472e+000
  2.0000000e+000  9.2395068e-001  2.8333803e+000  3.9643210e+000  2.5765702e+000  3.4224250e+000  2.9670363e+000  3.7465989e+000  3.4958989e+000  1.3243112e+000  3.0512583e+000
  2.0000000e+000  1.6805952e+000  2.4970946e+000  2.6356804e+000  2.5948315e+000  3.9605684e+000  3.7202865e+000  2.4793050e+000  3.8916203e+000  2.5054214e+000  2.1253598e+000
  1.0000000e+000  3.1012831e+000 -2.9420938e-002  3.9500787e+000  3.8705404e+000  2.9654256e+000  2.5887265e+000  2.7995822e+000  3.6616979e+000  2.5868486e+000  2.4794889e+000
  2.0000000e+000  2.2975048e+000  3.1718738e+000  2.1260196e+000  1.1406952e+000  1.0747695e+000  2.8656746e+000  2.4552500e+000  2.1860425e+000  4.3385103e+000  2.9426716e+000
  2.0000000e+000  4.1616043e+000  1.2941538e+000  1.4165332e+000  2.6312300e+000  2.3195121e+000  3.3283466e+000  2.3212158e+000  1.6394662e+000  2.6497165e+000  1.2676929e+000
  1.0000000e+000  3.8427165e+000  1.9080751e+000  3.1996641e+000  2.1730288e+000  2.5823408e+000  1.6852492e+000  2.7675105e+000  3.4838064e+000  3.8828133e+000  8.8281979e-001
  2.0000000e+000  4.0759179e+000  2.0096599e+000  4.0251599e+000  2.0487666e+000  8.0705148e-001  2.3959948e+000  2.6199672e+000  4.1964530e+000  5.7332975e+000  2.8302665e+000
  2.0000000e+000  2.9553655e+000  3.3512654e+000  1.8518671e+000  4.2453285e+000  3.6296749e+000  1.8773688e+000  2.3569612e+000  3.7044622e+000  5.0998422e+000  2.9819882e+000
  2.0000000e+000  2.5885461e+000  2.4977558e+000  3.2386593e+000  3.8238005e+000  3.1634153e+000  1.4472025e+000  3.1217637e+000  3.5894407e+000  1.7428802e+000  2.5338210e+000
  2.0000000e+000  2.3579194e+000  2.9487027e+000  4.3314948e+000  4.2976371e+000  3.0962502e+000  3.7336749e+000  3.0395010e+000  2.3580506e+000  2.6283027e+000  3.6610138e+000
  2.0000000e+000  2.7339096e+000  3.3485813e+000  3.0321226e+000  4.2984532e+000  3.7058461e+000  2.2872087e+000  1.7244126e+000  3.1264318e+000  2.8799826e+000  1.9612337e+000
  2.0000000e+000  4.2508264e+000  2.1104914e+000  1.9419670e+000  2.6686804e+000  2.6348322e+000  2.4717420e+000  3.8168643e+000  3.1543584e+000  2.7492801e+000  5.2093008e+000
  2.0000000e+000  1.7662759e+000  2.1706791e+000  1.4048304e+000  4.8157219e+000  4.2112225e+000  4.0615290e+000  4.8006815e+000  4.0740554e+000  4.3054247e+000  9.6734633e-001
  2.0000000e+000  1.9122409e+000  4.0711132e+000  3.3272122e+000  2.2425942e+000  1.3344405e+000  2.5023617e+000  2.9861822e+000  4.0015153e+000  2.4737798e+000  2.1369869e+000
  1.0000000e+000  3.7126457e+000  2.0330370e+000  4.0390840e+000  3.3913750e+000  2.8649453e+000  2.3543063e+000  2.3789230e+000  1.7708486e+000  3.5011859e+000  4.4500066e+000
  2.0000000e+000  4.3335013e+000  2.8689506e+000  1.8780357e+000  2.5515259e+000  2.6593924e+000  2.8188935e+000  3.2455338e+000  5.3661026e+000  1.3883831e+000  4.2739959e+000
  2.0000000e+000  2.0268525e+000  2.5854810e+000  2.5207570e+000  3.2556426e+000  3.5775438e+000  2.6997917e+000  2.8488662e+000  2.9868869e+000  3.2703787e+000  2.1752146e+000
  2.0000000e+000  7.7698641e-001  1.1615445e+000  6.7692018e-002  4.0755698e+000  4.4243576e+000  2.8538744e+000  4.1621683e+000  3.0958722e+000  2.5392949e+000  1.3699280e+000
  2.0000000e+000  1.7188487e+000  3.7546737e+000  1.8178584e+000  1.5258633e+000  3.1718775e+000  2.3054633e+000  1.9028341e+000  2.2078694e+000  4.6037483e+000  2.5491302e+000
  2.0000000e+000  1.8838165e+000  4.3943599e+000  2.2302508e+000  2.6280940e+000  3.0184466e+000  3.2512145e+000  2.7310378e+000  4.8673203e+000  3.3373428e+000  2.0919102e+000
  2.0000000e+000  2.5349148e+000  3.7940681e+000  3.3666879e+000  5.2077456e+000  2.9918412e+000  2.9321539e+000  2.4652125e+000  2.9525962e+000  3.0244563e+000  1.2611692e+000
  2.0000000e+000  3.0184736e+000  1.8595467e+000  3.5461655e+000  2.8271166e+000  3.6674430e+000  1.9427926e+000  4.2571945e+000  2.7417486e+000  1.5404867e+000  4.1328224e+000
  1.0000000e+000  3.0554321e+000  4.2006170e+000  3.9691047e+000  1.4784985e+000  4.4371389e+000  1.0795379e+000  2.0597728e+000  2.2797223e+000  1.2118221e+000  3.7836079e+000
  2.0000000e+000  2.8497412e+000  3.6555794e+000  2.5465301e+000  2.4041176e+000  1.6547324e+000  2.0954824e+000  3.4199364e+000  1.5838926e+000  1.9282658e+000  2.7517667e+000
