  2.0000000e+000  1.8008223e+000  1.7548835e+000  2.4534652e+000  1.5873699e+000  3.4317337e+000  2.3378725e+000  2.8712136e+000  2.3505503e+000  2.7697078e+000  3.1969379e+000
  2.0000000e+000  3.8615937e+000  1.7431191e+000  2.7980543e+000  2.8315845e+000  2.3678207e+000  1.8403618e+000  1.1009220e+000  3.8176559e+000  3.1969829e+000  4.0176668e+000
  2.0000000e+000  1.6120978e+000  1.9213422e+000  1.8081882e+000  2.4532822e+000  4.1544518e+000  3.9204412e+000  3.3650834e+000  2.4760915e+000  2.9097359e+000  3.0750284e+000
  2.0000000e+000  3.2558583e+000  3.3712856e+000  3.6918903e+000  2.3391030e+000  2.4260332e+000  3.7506759e+000  1.5526210e+000  3.2915553e+000  2.4792981e+000  1.4977051e+000
  1.0000000e+000  3.0035848e+000  3.0308590e+000  3.3381754e+000  2.4054599e+000  2.4701756e+000  3.0352508e+000  3.0329671e+000  2.2332389e+000  3.0354387e+000  1.5950827e+000
  1.0000000e+000  1.8419813e+000  2.4156533e+000  3.1923594e+000  3.2122464e+000  1.8178362e+000  3.1950902e+000  2.7245694e+000  2.4101355e+000  3.0417182e+000  3.4428107e+000
  2.0000000e+000  4.1365116e+000  2.3311212e+000  1.2170274e+000  4.2229928e+000  3.8416580e+000  3.4263990e+000  3.4914976e+000  3.2615833e+000  1.7901438e+000  6.1821336e-001
  2.0000000e+000  2.3543102e+000  1.7687706e+000  4.2738765e+000  3.4552356e-001  3.3725545e+000  3.1708984e+000  1.0526405e+000  2.8423773e+000  4.8971544e+000  4.3672919e+000
  2.0000000e+000  2.2840829e+000  2.7091685e+000  8.1327487e-001  2.3237969e+000  1.8107683e+000  2.4929944e+000  2.7567901e+000  4.1510614e+000  4.1157881e+000  5.5881673e+000
  2.0000000e+000  3.5825096e+000  2.5790307e+000  3.2415786e+000  3.9130420e+000  1.7768723e+000  2.1522835e+000  3.8617733e+000  2.8404801e+000  4.4894729e+000  1.0249535e+000
  2.0000000e+000  4.0505141e+000  3.7451806e+000  3.2930968e+000  3.2910384e+000  5.2538725e+000  4.5402300e+000  4.3035746e+000  3.2418236e+000  2.9911715e+000  4.0232957e+000
  2.0000000e+000  4.2204181e+000  1.3784780e+000  2.7968071e+000  2.9550431e+000  2.3461877e+000  2.5537389e+000  3.1005927e+000  3.3617976e+000  3.7664422e+000  2.6663785e+000
  2.0000000e+000  4.5081655e+000  3.1291534e+000  2.9338289e+000  5.1976892e+000  2.5728847e+000  1.5687898e+000  2.9577238e+000  2.4589064e+000  3.5428627e+000  1.8638061e+000
  2.0000000e+000  1.6631601e+000  3.2327932e+000  2.6577265e+000  4.7638656e+000  2.7598055e+000  2.7758528e+000  3.7264280e+000  3.6501511e+000  2.0138332e-001  2.9729724e+000
  2.0000000e+000  3.2556217e+000  4.5121474e+000  3.0033107e+000  3.1836497e+000  2.5012509e+000  1.7432494e+000  3.3647505e+000  1.7901086e+000  3.3419256e+000  3.6720362e+000
  2.0000000e+000  3.1144229e+000  1.7629776e+000  5.0395992e+000  1.4840687e+000  2.1878735e+000  1.2098254e+000  4.3643837e+000  3.4384264e+000  1.9954459e+000  4.7719121e+000
  2.0000000e+000  2.2333592e+000  2.0405950e+000  2.5653722e+000  4.2824043e+000  2.9782185e+000  3.1047186e+000  3.4827345e+000  2.8768805e+000  2.4113767e+000  4.0741390e+000
  1.0000000e+000  1.8794584e+000  3.7147341e+000  5.0014677e+000  3.2474914e+000  3.0617731e+000  3.5578385e+000  3.0803183e+000  3.3314598e+000  3.5080351e+000  3.0920687e+000
  1.0000000e+000  2.2429748e+000  3.0018855e+000  1.7902992e+000  2.2362389e+000  2.3399457e+000  3.5285459e+000  2.0932235e+000  3.3025408e+000  3.3568674e+000  2.8514904e+000
  2.0000000e+000  3.3694379e+000  3.3796029e+000  4.7840949e+000  3.6441695e+000  3.2821665e+000  2.0279198e+000  2.4944163e+000  4.7065216e+000  2.2168356e+000  2.0365315e+000
  2.0000000e+000  3.1622780e+000  3.2059742e+000  2.1548291e+000  4.0654154e+000  3.8092310e+000  3.2716455e+000  1.8140963e+000  2.9110531e+000  2.9309906e+000  3.2732587e+000
  2.0000000e+000  3.6418607e+000  2.0729787e+000  2.7052553e+000  3.3724498e+000  5.4976356e+000  1.4590122e+000  2.8702230e+000  2.0638406e+000  4.9110029e+000  4.4116156e+000
  2.0000000e+000  3.5520061e+000  3.1404477e+000  3.4607894e+000  3.1929386e+000  2.0948317e+000  3.9583609e+000  3.0865848e+000  1.3243234e+000  2.0553923e+000  9.2648337e-001
  2.0000000e+000  2.5129933e+000  1.5786026e+000  2.7833838e+000  2.5660831e+000  5.2718781e+000  2.3983002e+000  1.2560541e+000  4.9129681e+000  2.7548731e+000  4.8344746e+000
  2.0000000e+000  1.7852982e+000  1.7755775e+000  3.6633296e+000  4.9661555e+000  3.2424416e+000  5.2113760e+000  1.6573608e+000  3.4627336e+000  2.7727435e+000  2.0251611e+000
  2.0000000e+000  2.5230211e+000  3.0542062e+000  3.4395706e+000  2.8602584e+000  4.4308608e+000  1.2510948e+000  1.4940173e+000  3.5616692e+000  2.0932108e+000  5.0372969e+000
  2.0000000e+000  1.0929295e+000  2.9998124e+000  4.2488755e+000  3.2432789e+000  4.7897154e+000  3.5382203e+000  1.2109608e+000  1.6634841e+000  2.5286585e+000  3.4306098e+000
  2.0000000e+000  4.1186441e+000  3.6565259e+000  4.5949548e+000  5.0615399e+000  2.0592419e+000  3.1518705e+000  2.2716119e+000  3.5900574e+000  1.2878354e+000  3.2722272e+000
  1.0000000e+000  3.9288654e+000  2.3711564e+000  3.3548747e+000  2.4103952e+000  2.5555316e+000  3.3547367e+000  4.2824757e+000  3.1080574e+000  3.6698445e+000  3.5918203e+000
  2.0000000e+000  2.8658478e+000  4.9785461e+000  4.2800903e+000  2.5809669e+000  1.1831498e-001  2.5660389e+000  4.3962939e+000  2.4259061e+000  2.9743006e+000  4.3338843e+000
  2.0000000e+000  2.9235728e+000  3.2378107e+000  2.7987355e+000  1.9457387e+000  4.3904070e+000  2.9330456e+000  3.2327141e+000  2.0155301e+000  2.5561775e+000  3.4049160e+000
  2.0000000e+000  1.3161140e+000  2.0104221e+000  3.2384161e+000  8.6891357e-001  5.2582742e+000  1.6280239e+000  4.9659117e+000  1.9177871e+000  3.3244657e+000  2.7940581e+000
  2.0000000e+000  7.0964056e-001  2.4380937e+000  3.3603582e+000  1.7666492e+000  3.3463458e+000  3.1188974e+000  2.9134776e+000  4.0524081e+000  2.7076985e+000  3.8535073e+000
  2.0000000e+000  2.5362497e+000  1.9625023e+000  3.0930379e+000  2.7941750e+000  3.2077482e+000  3.2499240e+000  3.7203465e+000  3.7046394e+000  3.8755624e+000  4.0978295e+000
  2.0000000e+000  1.2921369e+000  4.2128866e+000  2.8711732e+000  3.7721787e+000  1.2390472e+000  3.5686698e+000  3.9305527e+000  1.1624522e+000  2.1560089e+000  3.9856150e+000
  2.0000000e+000  3.0589568e+000  3.4621170e+000  3.7965889e+000  2.7936890e+000  3.2314330e+000  3.9149470e+000  5.4303007e+000  2.7151667e+000  2.9010878e+000  3.4667619e+000
  2.0000000e+000  2.9269297e+000  4.5192164e+000  1.4772468e+000  2.7224717e+000  2.3598311e+000  2.3783137e+000  3.9985764e+000  3.7926725e+000  2.1477624e+000  3.3436912e+000
  1.0000000e+000  2.4569941e+000  3.7095183e+000  2.8451940e+000  4.2371503e+000  3.5417649e+000  2.1424434e+000  3.4397588e+000  3.6100900e+000  3.6993047e+000  4.1237817e+000
  1.0000000e+000  3.7267117e+000  3.1886227e+000  2.1742689e+000  3.2349444e+000  4.7739073e+000  1.2703876e+000  5.0722756e-001  2.8360474e+000  3.6514418e+000  4.3876097e+000
  2.0000000e+000  1.3987682e+000  3.0176251e+000  2.2214925e+000  3.2238404e+000  2.8919044e+000  1.6493455e+000  4.2544634e+000  2.0684730e+000  5.2232169e+000  3.8929504e+000
  2.0000000e+000  2.9361283e+000  1.7136118e+000  3.1695841e+000  4.0648442e+000  4.4271185e+000  2.8372120e+000  5.0420825e+000  2.4328336e+000  4.6596404e+000  1.5235091e+000
  2.0000000e+000  3.9327686e+000  1.9001968e+000  3.5318583e+000  1.6475441e+000  3.6703437e+000  2.5863756e+000  2.7216133e+000  3.7447132e+000  2.5284789e+000  2.9497890e+000
  2.0000000e+000  2.4137946e+000  3.9451512e+000  2.9934080e+000  2.1705050e+000  1.4310572e+000  2.9941928e+000  2.9807947e+000  2.3222684e+000  2.6436911e+000  1.2701151e+000
  2.0000000e+000  2.2096701e+000  3.2462047e+000  2.6106368e+000  8.9729959e-001  3.7624817e+000  3.0091258e-001  5.0947387e+000  1.0066671e+000  2.3959472e+000  4.0931210e+000
  1.0000000e+000  2.7947722e+000  3.8602315e+000  2.8812905e+000  2.3163254e+000  2.3279445e+000  2.2694700e+000  2.3381816e+000  4.1637843e+000  3.2330988e+000  2.9899580e+000
  2.0000000e+000  3.4105225e+000  2.6812289e+000  3.5038853e+000  2.7824989e+000  4.2096854e+000  1.7092555e+000  3.3632752e+000  5.5031506e-001  2.9817230e+000  3.2867204e+000
  2.0000000e+000  3.1101015e+000  1.0858760e+000  2.4172322e+000  4.3113374e+000  2.8585701e+000  2.6068883e+000  2.8815872e+000  3.1748286e+000  3.9813034e+000  2.2426979e+000
  2.0000000e+000  4.1914677e+000  3.1200897e+000  3.9670289e+000  3.4964630e+000  2.4929447e+000  7.6862220e-001  2.3846198e+000  3.2127494e+000  5.7283942e-001  2.3217168e+000
  1.0000000e+000  8.2730003e-001  3.5078230e+000  3.8463827e+000  3.1462701e+000  4.0393770e+000  2.7311632e+000  4.3485750e+000  3.9936552e+000  3.4486616e+000  2.3139117e+000
  2.0000000e+000  3.3992286e+000  3.5246092e+000  3.1114962e+000  3.5431420e+000  4.0825859e+000  3.1438631e+000  4.0368670e+000  2.7724275e+000  2.3549117e+000  3.6253885e+000
  2.0000000e+000  2.3127393e+000  4.7231980e+000  2.8345222e+000  2.1899898e+000  1.2633568e+000  3.6106620e+000  1.4884309e+000  1.8901823e+000  3.0367940e+000  2.2831676e+000
  2.0000000e+000  4.9535897e+000  1.8334584e+000  3.1280657e+000  1.8166991e+000  2.0157736e+000  4.2293233e+000  3.7937685e+000  2.1199758e+000  2.7052581e+000  4.9591398e+000
  2.0000000e+000  3.7741254e+000  3.7567670e+000  2.0016102e+000  1.5168993e+000  1.9241021e+000  3.1505966e+000  3.3048922e+000  1.5940364e+000  1.8766364e+000  2.9484917e+000
  2.0000000e+000  3.0699240e+000  3.8134916e+000  2.9964029e+000  1.7957512e+000  2.0633841e+000  4.0360278e+000  4.8518781e+000  3.1325443e+000 -2.3978463e-001  2.8980913e+000
  2.0000000e+000  3.7788759e+000  1.9877910e+000  1.0547244e+000  4.4944489e+000  2.2454218e+000  2.1551727e+000  5.8152883e+000  3.1877372e+000  4.7975026e+000  3.0587016e+000
  2.0000000e+000  3.0359638e+000  1.5248043e+000  4.3944347e+000  2.9900100e+000  5.8871962e+000  4.8263370e+000  3.8556404e+000  3.2069511e+000  3.3568455e+000  3.8153564e+000
  2.0000000e+000  2.9594002e+000  3.7158920e+000  4.7316260e+000  2.3466048e+000  3.1358223e+000  3.0585302e+000  3.9479318e+000  2.7952523e+000  4.5499575e+000  3.1076577e+000
  2.0000000e+000  3.8552255e+000  3.4559079e+000  2.8711539e+000  4.0092811e+000  2.9289558e+000  1.7515335e+000  4.2379290e+000  3.8336454e+000  2.0338487e+000  4.7117253e+000
  1.0000000e+000  3.2956877e+000  3.4278459e+000  2.6374419e+000  2.1155705e+000  3.6326817e+000  2.5256283e+000  1.7428811e+000  1.1268038e+000  3.5175510e+000  1.7054261e+000
  2.0000000e+000  1.9193729e+000  3.7471112e+000  2.7670241e+000  4.3506280e+000  1.6851147e+000  2.6179664e+000  4.0410578e+000  3.2765561e+000  2.9245978e+000  3.2091905e+000
  2.0000000e+000  2.2925828e+000  2.0932080e+000  2.7160324e+000  4.0019850e+000  1.9747650e+000  2.5042259e+000  2.3284890e+000  3.0004446e+000  3.8560615e+000  2.0636604e+000
  2.0000000e+000  2.0898422e+000  2.4081349e+000  4.6323971e+000  8.1629335e-001  2.6624094e+000  4.1695944e+000  3.6581220e+000  1.9538755e+000  3.0034546e-001  5.1628157e+000
  2.0000000e+000  2.4724825e+000  1.1060195e+000  3.2196246e+000  2.0835373e+000  2.5680421e+000  2.4163514e+000  2.7843680e+000  3.5050585e+000  1.8443921e+000  4.3756523e+000
  2.0000000e+000  3.2930497e+000  4.5018612e+000  3.9974195e+000  3.7541547e+000  3.5667752e+000  3.5513929e+000  3.0408842e+000  2.6071633e+000  4.3095257e+000  3.6719948e+000
  1.0000000e+000  2.2893727e+000  3.5689235e+000  3.1231826e+000  3.2495939e+000  2.5310441e+000  3.3051834e+000  3.7729764e+000  2.7336725e-002  3.2823156e+000  4.3158822e+000
  2.0000000e+000  1.8377502e+000  8.7010928e-001  3.3072515e+000  2.3116620e+000  4.1080508e+000  3.3947248e+000  4.5238714e+000  3.4982249e+000  4.4589035e+000  2.5935659e+000
  2.0000000e+000  2.6863893e+000  2.6168148e+000  3.3163770e+000  4.0414608e+000  2.8988913e+000  2.8315047e+000  2.5296389e+000  2.5394386e+000  2.2448823e+000 -2.1734024e-001
  1.0000000e+000  3.9561216e+000  2.9250030e+000  6.1022686e+000  4.3910454e+000  3.0089972e+000  2.7392678e+000  2.2323069e+000  1.9355384e+000  3.5908566e+000  2.2900525e+000
  2.0000000e+000  4.1730860e+000  4.1424011e+000  3.1338782e+000  1.6356387e+000  2.1012881e+000  4.9828184e+000  4.4164171e+000  2.4915216e+000  3.7237950e+000  3.7731962e+000
  2.0000000e+000  3.4872043e+000  2.0012253e+000  2.5517772e+000  3.0632419e+000  2.5326032e+000  2.7837628e+000  1.1909410e+000  3.8099586e+000  2.6545151e+000  2.7045636e+000
  1.0000000e+000  4.7321674e+000  2.7137074e+000  3.0571526e+000  2.1121211e+000  2.5814034e+000  5.8267395e+000  2.1026410e+000  3.2533091e+000  3.7667896e+000  3.7304515e+000
  2.0000000e+000  3.8195630e+000  2.5556426e+000  3.6251555e+000  5.5386320e+000  4.2035111e+000  3.0827319e+000  1.8042743e+000  1.7057645e+000  1.6998610e+000  1.1621391e+000
  1.0000000e+000  4.2021764e+000  3.4186391e+000  2.5303170e+000  1.8736191e+000  2.8091438e+000  2.3192922e+000  4.5755368e+000  2.6121353e+000  3.5762773e+000  2.9308914e+000
  2.0000000e+000  3.4078153e+000  3.7306565e+000  1.8127630e+000  3.5617408e+000  3.2566033e+000  3.9415917e+000  2.7908510e+000  2.1286999e+000  5.9543813e+000  3.6007301e+000
  1.0000000e+000  3.0966873e+000  2.9055954e+000  3.5113436e+000  2.7111969e+000  2.6564912e+000  2.9186338e+000  2.9814729e+000  3.5664589e+000  3.4750058e+000  2.9613860e+000
  2.0000000e+000  2.1090280e+000  2.6612702e+000  2.7580051e+000  4.9650204e+000  2.7444530e+000  2.5689330e+000  1.7634265e+000  2.0615899e+000  1.5926583e+000  4.1768998e+000
  2.0000000e+000  1.9559207e+000  3.4377850e+000  3.7018121e+000  2.3273046e+000  3.4945635e+000  1.5993770e+000  3.7769910e+000  4.6118750e+000  1.6285952e+000  4.5356194e+000
  2.0000000e+000  2.6186275e+000  4.4641206e+000  2.4912592e+000  2.5399673e+000  4.4215260e+000  2.8242673e+000  3.6744676e+000  8.4984870e-001  3.9938235e+000  3.2670803e+000
  2.0000000e+000  2.3234925e+000  1.3162914e+000  2.3562610e+000  3.0332071e+000  5.0216401e+000  3.5086013e+000  3.0249388e+000  2.6250807e+000  1.9813278e+000  2.9231088e+000
  2.0000000e+000  2.4256326e+000  1.7450946e+000  1.4393849e+000  3.1609566e+000  1.9496215e+000  4.8110470e+000  3.4560223e+000  2.9464404e+000  2.0436083e+000  4.1228877e+000
  2.0000000e+000  3.4615558e+000  1.5261937e+000  2.6515908e+000  2.9833660e+000  2.4498327e+000  2.3731585e+000  3.4987260e+000  4.5369395e+000  3.7991283e+000  2.4370751e+000
  2.0000000e+000  3.1798634e+000  1.9121064e+000  3.9013231e+000  2.4073213e+000  2.9080351e+000  3.5246523e+000  1.1929514e+000  5.0062986e+000  1.9706875e+000  2.5144794e+000
  2.0000000e+000  3.4465846e+000  1.4041186e+000  2.7091690e+000  3.4923209e+000  3.3266603e+000  3.7898178e+000  5.1260983e+000  2.7213136e+000  3.2001157e+000  3.2772260e+000
  2.0000000e+000  4.0546382e+000  3.7694187e+000  2.1510031e+000  3.2643998e+000  4.0781589e+000  3.6479396e+000  3.4249135e+000  2.6010485e+000  3.9116988e+000  2.5892672e+000
  2.0000000e+000  3.0610735e+000  1.2880066e+000  3.6830440e+000  2.4870638e+000  3.5232016e+000  4.8363545e+000  2.0460394e+000  3.3450450e+000  3.5180951e+000  5.3144675e+000
  2.0000000e+000  3.3728482e+000  4.3294652e+000  3.7257917e+000  5.0926625e+000  2.2024054e+000  3.2587762e+000  2.8049065e+000  4.3459867e+000  2.7830016e+000  3.2181287e+000
  2.0000000e+000  1.8966354e+000  2.3940059e+000  1.5311757e+000  1.5534425e+000  3.3767976e+000  3.5953204e+000  4.7924360e+000  4.5324625e+000  1.2842076e+000  4.3278641e+000
  2.0000000e+000  2.3981891e+000  3.1200891e+000  4.5257392e+000  1.1727697e+000  2.9374071e+000  2.4742173e+000  3.0906141e+000  3.4248352e+000  4.8433260e+000  3.7940954e+000
  2.0000000e+000  2.7703014e+000  2.7868781e+000  3.5144255e+000  2.3269247e+000  2.0240549e+000  2.3113810e+000  3.3422958e+000  3.7002878e+000  2.7449201e+000  3.6274161e+000
  2.0000000e+000  3.2348180e+000  8.3799770e-001  3.1849349e+000  3.4973078e+000  1.0249178e+000  3.8865150e+000  2.9545289e+000  1.7714770e+000  4.1292867e+000  1.3107469e+000
  1.0000000e+000  4.3213308e+000  3.5790744e+000  1.8687273e+000  4.0517053e+000  1.9211236e+000  2.9817487e+000  4.2744806e+000  3.5488636e+000  3.5610413e+000  4.3295213e+000
  2.0000000e+000  2.6191154e+000  4.4690139e+000  3.0774440e+000  2.6285444e+000  2.3282074e+000  2.4669985e-002  2.3617735e+000  2.8986589e+000  2.1646220e+000  2.5637979e+000
  2.0000000e+000  2.6396023e+000  2.1706355e+000  3.1134073e+000  2.7460644e+000  2.8366912e+000  1.1005059e+000  1.4080066e+000  3.8884614e+000  4.2505686e+000  2.9057274e+000
  2.0000000e+000  1.4779319e+000  2.9342514e+000  1.6304574e+000  4.0737409e+000  3.8267660e+000  2.5747478e+000  2.7167046e+000  1.8477049e+000  2.5881067e+000  3.5292701e+000
  2.0000000e+000  2.5856554e+000  1.8537725e+000  3.9359519e+000  2.8898029e+000  3.7071274e+000  4.0826883e+000  4.2399266e+000  2.7956246e+000  3.0397204e+000  2.4377255e+000
  2.0000000e+000  3.5654118e+000  2.1089350e+000  4.0576539e+000  1.6851815e+000  4.6494972e+000  3.2774106e+000  1.0782328e+000  3.9252900e+000  1.8256871e+000  3.6122236e+000
  2.0000000e+000  2.3017973e+000  3.4495317e+000  3.3644037e+000  3.8227149e+000  4.5168801e+000  4.0144343e+000  2.7439685e+000  3.0043485e+000  4.5358900e+000  3.3021793e+000
  1.0000000e+000  2.5416029e+000  3.2210301e+000  2.7954328e+000  2.7538125e+000  3.2521473e+000  3.5096207e+000  1.9785815e+000  2.9857329e+000  3.4182071e+000  4.0815981e+000
  1.0000000e+000  4.1965702e+000  3.1978628e+000  1.3889114e+000  3.8060050e+000  1.6081940e+000  1.0265358e+000  4.2681986e+000  2.1451098e+000  3.1871873e+000  1.0855521e+000
  2.0000000e+000  2.8366702e+000  2.5892735e+000  3.1784660e+000  3.6993176e+000  2.1336510e+000  3.7787361e+000  3.2115534e+000  4.3943453e+000  1.8795228e+000  4.3643605e+000
