  2.0000000e+000  3.5363479e+000  1.7154296e+000  3.2437581e+000  4.6006382e+000  3.0174344e+000  1.5881048e+000  4.6068541e+000  4.3261899e+000  2.5200463e+000  2.8630351e+000
  2.0000000e+000  3.2907584e+000  3.0233733e+000  2.9265995e+000  2.5675183e+000  3.2664708e+000  4.3769650e+000  3.9156224e+000  2.7395458e+000  3.1195865e+000  2.9350592e+000
  2.0000000e+000  3.9980447e+000  3.3289358e+000  3.0648001e+000  2.0564167e+000  2.8018708e+000  1.7448475e+000  3.5189474e+000  3.5022398e+000  2.4184542e+000  1.8853762e+000
  2.0000000e+000  2.6862342e+000  4.6190246e+000  2.1738495e+000  2.3261283e+000  4.3135838e+000  7.2363554e-001  4.1342077e+000  3.4259095e+000  3.1046615e+000  3.0914730e+000
  2.0000000e+000  1.6550432e+000  2.1762796e+000  4.4217376e+000  2.1912138e+000  3.8994807e+000  2.3721617e+000  2.4435681e+000  2.1880926e+000  4.1507424e+000  2.7356242e+000
  1.0000000e+000  2.3169753e+000  3.5679934e+000  2.6249537e+000  2.7011413e+000  4.0562650e+000  3.2897399e+000  3.9842641e+000  3.4221999e+000  2.4586657e+000  3.2037615e+000
  2.0000000e+000  4.0777605e+000  5.3185627e+000  3.0623257e+000  4.0666519e+000  2.0584114e+000  1.9950500e+000  2.8713314e+000  2.7308845e+000  2.1553207e+000  3.8217807e+000
  2.0000000e+000  2.5479547e+000  3.1956042e+000  2.6698371e+000  1.8938584e+000  2.5085569e+000  4.2774580e+000  2.2281669e+000  1.3137576e+000  1.7664287e+000  4.3037113e+000
  2.0000000e+000  3.2762606e+000  5.3647680e+000  2.2129419e+000  2.5682658e+000  2.0915003e+000  3.3302365e+000  3.6963755e+000  2.1020630e+000  1.9208566e+000  2.6521104e+000
  2.0000000e+000  2.9600840e+000  2.6585187e+000  1.2661105e+000  3.9274602e+000  4.6931553e+000  2.1746933e+000  2.9646607e+000  3.1432799e+000  3.8461556e+000  4.3549235e+000
  2.0000000e+000  4.6877221e+000  4.1476811e+000  2.7914822e+000  4.0608461e+000  5.2470521e+000  1.7506207e+000  2.8270081e+000  2.7234803e+000  2.8685313e+000  3.5523934e+000
  1.0000000e+000  2.8705558e+000  2.3673767e+000  3.6463658e+000  3.2873080e+000  3.1770357e+000  2.5997399e+000  1.5207452e+000  3.5599066e+000  3.5782648e+000  3.7132700e+000
  2.0000000e+000  4.0389190e+000  2.7192042e+000  1.5505613e+000  4.0347841e+000  2.5717373e+000  1.5899864e+000  2.8354913e+000  2.5932618e+000  2.3792402e+000  1.2273224e+000
  2.0000000e+000  2.5852483e+000  3.0271118e+000  3.2733643e+000  4.1287813e+000  4.3351219e+000  1.0708777e+000  3.1196361e+000  3.8575100e+000  4.5998448e+000  2.6895417e+000
  2.0000000e+000  1.7805886e+000  2.1427718e+000  2.8607290e+000  2.0086422e+000  1.3254770e+000  2.3708464e+000  2.3490402e+000  3.9477298e+000  4.0008839e+000  3.6913484e+000
  2.0000000e+000  3.8510708e+000  8.8554710e-001  4.4243538e+000  1.2857632e+000  2.0343196e+000  2.9268833e+000  1.1203454e+000  2.7452594e+000  2.9280000e+000  2.7722456e+000
  2.0000000e+000  2.6066922e+000  5.0354209e+000  2.6295977e+000  3.8985770e+000  4.6052198e+000  2.5949327e+000  1.9533714e+000  2.5183868e+000  2.7571306e+000  3.7606240e+000
  2.0000000e+000  2.4635228e+000  2.6646181e+000  4.8136526e+000  4.2172865e+000  3.5487289e+000  2.3895040e+000  3.3413116e+000  2.8839446e+000  2.3465073e+000  2.0296587e+000
  2.0000000e+000  3.7590826e+000  2.7816062e+000  2.4201171e+000  3.2481710e+000  3.3660402e+000  2.8877417e+000  3.5094518e+000  4.6767589e+000  4.6685726e+000  2.4365194e+000
  2.0000000e+000  3.7944033e+000  3.9207703e+000  3.2434355e+000  4.1620193e+000  2.7309781e+000  4.8677516e+000  2.8969732e+000  1.9033708e+000  2.6247295e+000  4.4880869e+000
  1.0000000e+000  2.6590567e+000  2.4316461e+000  3.4971928e+000  3.9836898e+000  4.5768015e+000  2.9307639e+000  4.0309559e+000  4.9940944e+000  2.0156869e+000  3.6622074e+000
  2.0000000e+000  3.7899737e+000  3.5623042e+000  2.7798882e+000  1.6951897e+000  4.1084574e+000  3.6042967e+000  2.5769521e+000  3.0587023e+000  2.2183864e+000  2.3432349e+000
  2.0000000e+000  3.4702244e+000  2.7226409e+000  2.8512181e+000  1.8366521e+000  5.7430352e+000  3.7384003e+000  2.4744168e+000  1.7756054e+000  3.8652530e+000  2.8235812e+000
  1.0000000e+000  4.5523656e+000  3.4186635e+000  2.5445307e+000  1.3865803e+000  3.3230386e+000  2.6642503e+000  1.9970278e+000  5.2942496e+000  3.8010682e+000  3.8820063e+000
  2.0000000e+000  3.3113572e+000  3.5859747e+000  3.1850796e+000  3.7623848e+000  3.4246431e+000  3.1850262e+000  3.3643731e+000  3.4503893e+000  3.1008229e+000  4.0893879e+000
  2.0000000e+000  1.6350149e+000  4.0041511e+000  3.0424010e+000  1.8192233e+000  1.1217290e+000  3.7625652e+000  1.5651435e+000  3.2963649e+000  3.1919961e+000  4.2818470e+000
  2.0000000e+000  2.8507175e+000  3.4257082e+000  7.4291969e-001  3.3232012e+000  4.3150667e+000  3.4476173e+000  3.2077843e+000  2.1001745e+000  3.5202356e+000  2.5059820e+000
  2.0000000e+000  1.9387323e+000  4.5141051e+000  2.6074736e+000  2.7548271e+000  1.9177704e+000  4.2338495e+000  1.9890936e+000  3.9725470e+000  2.4449724e+000  3.0464575e+000
  1.0000000e+000  4.3608931e+000  3.6232815e+000  4.9064715e+000  2.8612561e+000  3.4649772e+000  3.2913421e+000  3.3940896e+000  1.5629126e+000  2.5423740e+000  3.3881040e+000
  2.0000000e+000  2.0770412e+000  4.2926666e+000  2.7903520e+000  1.9676621e+000  3.4235112e+000  2.5972586e+000  2.6165046e+000  3.6541395e+000  1.8054311e+000  3.4453882e+000
  1.0000000e+000  3.6413175e+000  2.7921612e+000  2.2426077e+000  3.2140529e+000  1.7932062e+000  1.5056145e+000  3.7340546e+000  3.6819382e+000  2.6055945e+000  3.3891496e+000
  2.0000000e+000  3.2204069e+000  2.8743742e+000  3.5966863e+000  2.1561529e+000  1.3354116e+000  3.4297543e+000  2.7488130e+000  2.6844068e+000  3.2261889e+000  1.4243775e+000
  2.0000000e+000  2.4182389e+000  3.5526797e+000  4.2991146e+000  4.9422994e+000  3.3001714e+000  4.0206489e+000  3.6461295e+000  3.7433360e+000  3.1627845e+000  1.8538743e+000
  2.0000000e+000  1.8438353e+000  2.7675055e+000  4.8838303e+000  4.7448152e+000  2.6430380e+000  9.4686422e-001  3.9438081e+000  2.7696735e+000  3.0861836e+000  1.9422126e+000
  2.0000000e+000  3.6573780e+000  5.3998598e+000  2.5254556e+000  3.4515220e+000  2.1598996e+000  4.0749887e+000  2.3291572e+000  3.8650149e+000  3.3008795e+000  3.5953564e+000
  2.0000000e+000  2.7919101e+000  3.1353778e+000  2.1673453e+000  2.3358214e+000  2.8200585e+000  2.4523553e+000  2.0744908e+000  3.3434868e+000  2.3305197e+000  1.5770326e+000
  1.0000000e+000  1.6985180e+000  2.8111335e+000  3.3287988e+000  2.8970907e+000  2.5863286e+000  2.8548444e+000  2.2344891e+000  3.0999035e+000  2.6380233e+000  3.0165913e+000
  2.0000000e+000  5.1382186e+000  2.7206754e+000  2.8393390e+000  3.6182638e+000  3.2152757e+000  3.8177502e+000  3.7626940e+000  3.7605035e+000  2.1070200e+000  2.8407051e+000
  2.0000000e+000  4.1163076e+000  3.0122704e+000  2.2090277e+000  2.6880866e+000  2.2900461e+000  2.2920558e+000  2.8745781e+000  1.2923796e+000  1.7269756e+000  4.9781006e+000
  1.0000000e+000  3.2929537e+000  3.0640445e+000  3.6195233e+000  1.1887593e+000  4.8030738e+000  3.5040037e+000  3.4797925e+000  2.4942732e+000  2.1982835e+000  3.6997052e+000
  2.0000000e+000  1.8486159e+000  3.0925099e+000  2.9138390e+000  3.5713909e+000  2.1016783e+000  2.5866573e+000  6.3556814e-001  2.5837309e+000  3.4616815e+000  2.7063845e+000
  2.0000000e+000  2.2306372e+000  3.8719714e+000  3.6133385e+000  2.8106815e+000  2.3624668e+000  3.4414956e+000  2.9704332e+000  3.0315491e+000  3.9000739e+000  3.4971197e+000
  2.0000000e+000  3.5963872e+000  4.3882540e+000  2.5567635e+000  3.9271867e+000  4.4093946e+000  3.6097394e+000  1.3335520e+000  2.5733802e+000  3.4176535e+000  2.9111832e+000
  2.0000000e+000  2.2100300e+000  1.9498218e+000  1.5809114e+000  2.5963932e+000  3.5385392e+000  1.6315499e+000  3.0221403e+000  1.5971598e+000  3.8831791e+000  3.8270407e+000
  1.0000000e+000  2.2682061e+000  3.8637306e+000  4.2804646e+000  2.0432299e+000  1.9456415e+000  3.9621237e+000  2.7395692e+000  3.2130041e+000  3.2384530e+000  3.2433520e+000
  2.0000000e+000  2.2094992e+000  2.7545122e+000  2.0448688e+000  1.8642001e+000  1.8509197e+000  4.9690383e+000  1.7537264e+000  1.6119442e+000  2.5059350e+000  4.5956747e+000
  2.0000000e+000  3.7265962e+000  3.9370411e+000  1.1546523e+000  4.1771417e+000  2.9884578e+000  3.1690531e+000  3.1278576e+000  4.2203648e+000  3.4435047e+000  2.8457818e+000
  2.0000000e+000  5.9552739e-001  3.3519803e+000  1.3574492e+000  2.4023455e+000  2.5636352e+000  3.0197277e+000  1.6213756e+000  2.9413083e+000  2.0550154e+000  2.4835100e+000
  2.0000000e+000  2.2471514e+000  2.1677000e+000  2.6521159e+000  4.1777931e+000  2.6186665e+000  3.6213851e+000  3.7064219e+000  2.6965843e+000  2.3522375e+000  2.8468123e+000
  2.0000000e+000  1.7168102e+000  2.9955733e+000  3.0228970e+000  3.0508892e+000  3.9753555e+000  2.7733868e+000  2.9276533e+000  2.8232406e+000  2.3100044e+000  2.0560215e+000
  2.0000000e+000  3.3669049e+000  1.1646615e+000  2.3459864e+000  4.8108911e+000  4.0075148e+000  2.4649076e+000  1.7998005e+000  1.5892974e+000  2.9234110e+000  2.9197016e+000
  2.0000000e+000  3.1223715e+000  2.2258451e+000  1.6924929e+000  2.5500959e+000  2.8411561e+000  2.9126992e+000  6.3822633e+000  3.5731704e+000  2.5228643e+000  2.8063267e+000
  2.0000000e+000  2.9659269e+000  4.7773767e+000  2.3880494e+000  3.5174337e+000  4.1003666e+000  3.6107439e+000  4.2412808e+000  3.1187758e+000  4.1472384e+000  3.6891013e+000
  2.0000000e+000  3.4504917e+000  2.4514019e-001  3.3352571e+000  3.3837836e+000  3.2334420e+000  2.7607549e+000  3.0080998e+000  1.6403581e+000  1.9196984e+000  3.1762974e+000
  2.0000000e+000  3.5480882e+000  2.2834485e+000  2.0081196e+000  2.8844734e+000  3.7782554e-001  3.3482814e+000  5.1302220e-001  4.3790878e+000  2.1960696e+000  2.5359406e+000
  1.0000000e+000  2.6021222e+000  3.6529082e+000  3.9372440e+000  2.0833071e+000  3.4604900e-001  2.7262126e+000  5.1129017e+000  3.2497256e+000  1.8035072e+000  3.7118313e+000
  2.0000000e+000  4.6003802e+000  1.1569302e+000  3.3995921e+000  2.8316887e+000  2.2087913e+000  9.8079197e-001  2.1604319e+000  4.4775371e+000  3.1839337e+000  1.9831186e+000
  2.0000000e+000  2.5795427e+000  3.6070966e+000  2.7812765e+000  2.7887591e+000  2.1003839e+000  2.7360293e+000  3.5083512e+000  2.9956612e+000  3.3923245e+000  2.6879757e+000
  2.0000000e+000  3.5153392e+000  3.9819701e+000  2.3335708e+000  3.1593958e+000  1.1722925e+000  3.1337580e+000  2.3232419e+000  3.4409152e+000  2.7965012e+000  2.6689148e+000
  2.0000000e+000  3.7751254e+000  3.3756937e+000  3.2591628e+000  1.9634794e+000  3.9387929e+000  2.4249986e+000  3.1024590e+000  1.9012418e+000  2.4587428e+000  4.2523107e+000
  2.0000000e+000  2.5708387e+000  1.7771709e+000  3.2335359e+000  2.9753913e+000  4.6403972e+000  2.6616422e+000  1.5111476e+000  2.5005677e+000  2.4861351e+000  3.5431092e+000
  2.0000000e+000  2.5066100e+000  4.4978142e+000  1.6818994e+000  2.5978579e+000  4.3666222e+000  2.2006690e+000  3.5166651e+000  3.8014640e+000  4.4113352e+000  1.7770025e+000
  2.0000000e+000  3.6148537e+000  2.9714222e+000  1.3856101e+000  5.2175870e-001  3.3413784e+000  3.5779022e+000  3.5622864e+000  2.6396592e+000  2.8456476e+000  2.5649784e+000
  2.0000000e+000  2.9356797e+000  3.9378357e+000  2.1326322e+000  3.9704767e+000  2.6162013e+000  5.1595594e+000  2.3553290e+000  2.0337726e+000  5.3706453e+000  3.9641458e+000
  2.0000000e+000  3.3855232e+000  5.1490086e+000  2.3364278e+000  5.0122974e+000  3.6380422e+000  2.1619221e+000  4.3034210e+000  3.1256137e+000  3.4777335e+000  2.3728400e+000
  2.0000000e+000  3.2700968e+000  3.6887898e+000  3.3456933e+000  3.0487047e+000  1.8363356e+000  3.5879047e+000  2.9312887e+000  1.6101565e+000  2.9660487e+000  2.4885324e+000
  2.0000000e+000  3.5056413e+000  3.6415713e+000  7.8369685e-001  3.9026813e+000  3.3537882e+000  3.8729236e+000  2.3892123e+000  2.0317296e+000  2.0975895e+000  6.3320070e+000
  2.0000000e+000  2.2179211e+000  1.6489164e+000  1.3650654e+000  3.2253941e+000  3.9433521e+000  1.8166676e+000  1.3247798e+000  2.5624430e+000  1.9218420e+000  2.2076972e+000
  2.0000000e+000  2.9903176e+000  2.1806651e+000  2.4629519e+000  4.8184526e-001  2.3388661e+000  9.8714152e-001  2.0001448e+000  1.3703536e+000  3.9050035e+000  4.1803752e+000
  2.0000000e+000  2.7599754e+000  2.6276657e+000  2.3699055e+000  4.1982638e+000  3.7528251e+000  2.6445755e+000  3.2099100e+000  1.9346534e+000  2.7478263e+000  2.2957687e+000
  2.0000000e+000  3.3759974e+000  4.0639691e+000  3.0532349e+000  4.6191453e+000  2.4716356e+000  3.5265953e+000  2.7167831e+000  1.8484535e+000  3.3585538e+000  2.2392327e+000
  2.0000000e+000  2.5552516e+000  3.9033754e+000  4.5656760e+000  2.1219003e+000  1.8784256e+000  2.6357443e+000  1.3138285e+000  4.5924803e+000  5.2666394e+000  3.9736014e+000
  2.0000000e+000  2.5714614e+000  4.0911363e+000  1.4090523e+000  3.5018537e+000  2.9934075e+000  2.5490803e+000  1.4313233e+000  1.2606575e+000  5.5205474e+000  2.1099348e+000
  1.0000000e+000  1.3984640e+000  2.8810747e+000  3.1097269e+000  2.5408959e+000  3.0452363e+000  2.5413053e+000  3.8966453e+000  2.3415415e+000  1.7551387e+000  3.6064539e+000
  2.0000000e+000  4.3210338e+000  3.0755251e+000  3.2097211e+000  1.3618300e+000  3.6289861e+000  3.6143087e+000  3.9883360e+000  5.2398194e+000  3.1562132e+000  1.1161454e+000
  1.0000000e+000  3.6471023e+000  2.8522844e+000  2.9519857e+000  3.6082354e+000  3.4783937e+000  2.9962534e+000  2.9806741e+000  2.5655912e+000  3.9208864e+000  3.6555229e+000
  2.0000000e+000  2.6400945e+000  4.2152377e+000  2.0653218e+000  4.6814604e+000  8.8500557e-001  2.9393521e+000  2.7381076e+000  2.6666657e+000  3.4020719e+000  3.7517818e+000
  1.0000000e+000  2.0798235e+000  3.3353227e+000  3.2165551e+000  2.1299849e+000  2.6847412e+000  1.6056563e+000  3.3404371e+000  4.1915219e+000  4.1116059e+000  3.5284763e+000
  2.0000000e+000  3.5253507e+000  4.0545189e+000  2.1621496e+000  2.9563689e+000  4.2501878e+000  2.1853226e+000  2.7499673e+000  2.8185699e+000  4.3296940e+000  3.5339896e+000
  1.0000000e+000  1.7710183e+000  3.1528688e+000  2.5253508e+000  3.4239665e+000  3.2633912e+000  4.4472161e+000  2.8654293e+000  1.7826346e+000  1.3098339e+000  3.1834148e+000
  2.0000000e+000  2.9154072e+000  3.4242288e+000  2.8099745e+000  1.8898870e+000  2.5494277e+000  4.4846035e+000  3.2949494e+000  2.2142876e+000  4.4653343e+000  1.3022213e+000
  2.0000000e+000  3.7797472e+000  2.2423176e+000  3.8725031e+000  2.4986147e+000  2.9135888e+000  3.6550243e+000  3.1795142e+000  2.0431684e+000  2.3016237e+000  4.3168544e+000
  2.0000000e+000  3.7790420e+000  3.9233292e+000  2.7196992e+000  3.3040123e+000  2.4362322e+000  2.1757055e+000  2.6887719e+000  4.6492464e+000  3.2075914e+000  1.9508878e+000
  2.0000000e+000  2.2246041e+000  3.5500515e+000  2.1636851e+000  2.5158561e+000  2.1117391e+000  3.8411539e+000  2.4999184e+000  1.6465421e+000  1.6553982e+000  4.6946499e+000
  2.0000000e+000  2.7627847e+000  2.2934129e+000  5.0480414e+000  3.6484552e+000  2.7036983e+000  3.2676734e+000  2.4404156e+000  1.4122194e+000  4.8035290e+000  4.7562356e+000
  1.0000000e+000  2.4278065e+000  3.2743772e+000  3.9480708e+000  2.9569811e+000  3.3397963e+000  2.3611574e+000  2.4764383e+000  2.2336965e+000  1.1453140e+000  3.6867333e+000
  2.0000000e+000  1.4228045e+000  1.1914492e+000  4.5318573e+000  2.3593194e+000  2.9653934e+000  2.9597343e+000  2.5986990e+000  2.0958498e+000  3.0128181e+000  3.9205337e+000
  1.0000000e+000  3.3563136e+000  3.3163690e+000  4.1142638e+000  3.4149977e+000  4.4488149e+000  2.5395147e+000  3.6902966e+000  2.7739171e+000  4.9246072e+000  3.4250737e+000
  2.0000000e+000  3.2096425e+000  2.6103040e+000  2.4798649e+000  1.7618756e+000  2.9524828e+000  5.2963401e+000  2.0214844e+000  1.8640695e+000  3.4145491e+000  2.8986921e+000
  2.0000000e+000  2.4940400e+000  3.7152949e+000  2.3572182e+000  2.3493637e+000  2.1039739e+000  3.5362166e+000  3.6048416e+000  3.2953332e+000  2.8364096e+000  1.6120646e+000
  2.0000000e+000  2.9685987e+000  2.8293688e+000  3.1360218e+000  3.0771155e+000  2.3537126e+000  3.8034880e+000  2.1551405e+000  4.2917152e+000  5.3543017e+000  2.6032593e+000
  2.0000000e+000  2.5293401e+000  1.0714174e+000  3.2363899e+000  2.3913310e+000  4.1870261e+000  2.1065168e+000  2.0129331e+000  2.3000649e+000  1.3221211e+000  2.9089384e+000
  2.0000000e+000  2.4882430e+000  3.9240912e+000  1.4507701e+000  2.7374721e+000  4.0085415e+000  2.4647241e+000  1.8990756e+000  2.8030879e+000  2.1907059e+000  3.8367728e+000
  2.0000000e+000  1.9875854e+000  3.0079003e+000  1.7851931e+000  3.6405263e+000  2.6812690e+000  3.4498453e+000  4.1099456e+000  3.0898057e+000  4.7355004e+000  2.0148615e+000
  2.0000000e+000  2.3184914e+000  4.4763360e+000  4.5411730e+000  2.1300946e+000  2.6432088e+000  4.2743618e+000  2.0577256e+000  3.0641792e+000  3.7061101e+000  4.1119874e+000
  2.0000000e+000  2.0825544e+000  2.9895578e+000  7.8386016e-001  2.9591303e+000  3.7465869e+000  2.1023533e+000  2.5514874e+000  5.4065551e+000  4.7204829e+000  2.4775280e+000
  2.0000000e+000  3.3395533e+000  2.9297459e+000  3.0860974e+000  3.5547217e+000  1.8447666e+000  2.8077594e+000  2.5969188e+000  4.1933688e+000  2.9392021e+000  2.9885032e+000
  2.0000000e+000  2.2380696e+000  4.8248034e+000  3.8249372e+000  3.7931512e+000  5.4296116e+000  2.0673345e+000  4.7264569e+000  3.7113203e+000  4.6850630e+000  4.1825442e+000
  1.0000000e+000  2.7620311e+000  2.7955954e+000  2.1727042e+000  4.2356453e+000  2.9040491e+000  4.4719572e+000  2.5151496e+000  9.8656189e-001  3.1430612e+000  3.4346081e+000
  2.0000000e+000  1.2518363e+000  4.1237709e+000  7.2289229e-001  1.6740774e+000  3.3207768e+000  3.5447544e+000  4.2066488e+000  3.7040273e+000  2.2649243e+000  2.3234560e+000
