  2.0000000e+000  2.3506571e+000  3.8547116e+000  4.4655831e+000  3.2898204e+000  2.8007394e+000  3.5276805e+000  2.0959222e+000  3.8067746e+000  2.7718314e+000  2.4145412e+000
  2.0000000e+000  1.8104921e+000  1.8158447e+000  2.9396366e+000  3.4023878e+000  2.8178192e+000  2.0525797e+000  1.7977926e+000  1.6712895e+000  3.9317457e+000  4.2359729e+000
  2.0000000e+000  3.4296177e+000  3.1510063e+000  1.8159601e+000  3.1424594e+000  3.3202235e+000  3.5010724e+000  2.6858062e+000  2.6862061e+000  8.2042948e-001  2.5543557e+000
  2.0000000e+000  3.8015868e+000  1.7092705e+000  3.8225540e+000  3.4183890e+000  4.2268015e+000  2.5977774e+000  2.9868992e+000  2.5250765e+000  2.2864065e+000  3.6084801e+000
  2.0000000e+000  2.6729635e+000  3.6445930e+000  4.3029979e+000  3.1268178e+000  4.0092276e+000  2.6196573e+000  3.4298335e+000  2.6099096e+000  4.0736712e+000  2.5945251e+000
  2.0000000e+000  3.4243364e+000  3.4461445e+000  2.8351046e+000  3.4367898e+000  2.0111684e+000  2.8358732e+000  1.5024008e+000  2.6040925e+000  1.5023695e+000  2.1297976e+000
  2.0000000e+000  3.0397111e+000  3.5503058e+000  2.3921291e+000  1.7327613e+000  3.1136904e+000  3.3488508e+000  3.3724044e+000  2.9841601e+000  4.5158952e+000  4.0785380e+000
  2.0000000e+000  3.2691097e+000  4.3306375e+000  3.1423514e+000  3.9591390e+000  2.5213344e+000  2.9166473e+000  2.4026615e+000  2.2381881e+000  1.7034186e+000  2.4581508e+000
  2.0000000e+000  2.7416464e+000  3.6747367e+000  3.3189007e+000  3.1972627e+000  3.5674425e+000  1.4434110e+000  2.6661941e+000  2.3691796e+000  1.9685366e+000  2.9746986e+000
  2.0000000e+000  2.7432873e+000  2.0286588e+000  3.4958390e+000  2.8509189e+000  1.5250833e+000  2.4275766e+000  2.2917819e+000  3.0041801e+000  1.2321243e+000  6.0368866e+000
  2.0000000e+000  3.7242585e+000  2.0133273e+000  4.2533497e+000  3.6679883e-001  3.9242326e+000  2.6629177e-001  1.6247888e+000  3.2577013e+000  1.9836481e+000  4.9544542e+000
  2.0000000e+000  2.4419616e+000  4.8622422e+000  3.7276589e+000  2.4754344e+000  3.0882069e+000  2.3040281e+000  4.3773625e+000  3.4822632e+000  2.9213930e+000  2.1271078e+000
  2.0000000e+000  3.1862827e+000  4.3562303e+000  3.8881512e+000  3.4645275e+000  1.1573663e+000  5.0283128e+000  2.9901466e+000  2.5962339e+000  2.7855281e+000  3.1687797e+000
  2.0000000e+000  2.9838591e+000  2.5566584e+000  3.0553399e+000  1.9364898e+000  3.3015683e+000  2.9367227e+000  3.3713071e+000  5.4422832e+000  6.7448299e-001  4.8787764e+000
  2.0000000e+000  4.3447891e+000  3.0959794e+000  9.9723487e-001  2.6941461e+000  8.5399940e-001  1.4326377e+000  2.9060876e+000  1.8962933e+000  3.8021406e+000  2.5483526e+000
  2.0000000e+000  1.1224125e+000  3.2687186e+000  3.5425342e+000  3.4935478e+000  2.1594561e+000  2.2664904e+000  3.3160016e+000  1.5981788e+000  1.6790387e+000  3.7353111e+000
  2.0000000e+000  4.2658603e+000  4.0316370e+000  2.1045859e+000  5.8578322e+000  3.1321356e+000  2.4847971e+000  2.5758604e+000  3.9317274e+000  3.0110077e+000  4.1412282e+000
  2.0000000e+000  3.7151114e+000  1.6975402e+000  1.9813073e+000  3.4077289e+000  2.5977877e+000  2.4985247e+000  3.1856943e+000  2.7425955e+000  1.6399673e+000  2.5632519e+000
  2.0000000e+000  3.4380027e+000  2.9809333e+000  2.1734671e+000  4.8340417e+000  3.1389075e+000  2.4381608e+000  1.9312047e+000  2.3970409e+000  1.8106841e+000  2.9781349e+000
  2.0000000e+000  3.2171510e+000  1.6093759e+000  3.3680276e+000  2.2652489e+000  3.4067079e+000  4.0371285e+000  3.4092224e+000  1.7406740e+000  4.5744732e+000  1.7456590e+000
  2.0000000e+000  5.6324388e+000  3.3090365e+000  3.6226284e+000  2.7081666e+000  1.0792579e+000  3.8193747e+000  3.0886507e+000  1.3659510e+000  1.7401326e+000  3.3749446e+000
  2.0000000e+000  4.4171480e+000  3.1774735e+000  2.0695105e+000  2.9965472e+000  3.8295406e+000  3.3590459e+000  1.9915120e+000  1.5578625e+000  1.5743734e+000  1.7966688e+000
  2.0000000e+000  5.0279462e+000  2.1602495e+000  4.9973590e+000  4.6195819e+000  4.0342499e+000  3.9170730e+000  2.9783806e+000  2.9185163e+000  3.6745020e+000  2.4295717e+000
  2.0000000e+000  1.6855794e+000  3.4527467e+000  4.6130690e+000  1.7971210e+000  1.6688015e+000  3.9079381e+000  1.6391995e+000  3.9779771e+000  2.5669578e+000  4.6333690e+000
  2.0000000e+000  1.1489952e+000  3.3169279e+000  2.3065942e+000  2.6977980e+000  3.6424594e+000  1.8001617e+000  2.9770727e+000  1.0895818e+000  3.0862809e+000  2.2492850e+000
  2.0000000e+000  3.2310298e+000  5.0117404e+000  2.8555748e+000  2.7314919e+000  3.6942281e+000  3.7879347e+000  4.4035881e+000  9.9318018e-001  3.1713703e+000  1.8238765e+000
  2.0000000e+000  4.0545107e+000  3.9457050e+000  5.5883198e+000  3.3669533e+000  2.9069438e+000  3.9572706e+000  2.9488374e+000  3.5276805e+000  3.9734733e+000  3.5512693e+000
  2.0000000e+000  2.9026490e+000  3.6539987e+000  4.1505500e+000  3.5720334e+000  4.0351898e+000  2.3672720e+000  2.3903951e+000  2.0680363e+000  2.5201926e+000  3.1566820e+000
  2.0000000e+000  4.0762303e+000  1.9939421e+000  2.2790497e+000  2.3520820e+000  2.1250346e+000  3.0599829e+000  9.9141056e-001  2.9424327e+000  2.9801538e+000  4.4442654e+000
  1.0000000e+000  3.6261728e+000  2.4250614e+000  4.4800166e+000  2.5503605e+000  4.1883297e+000  3.5484884e+000  3.1013618e+000  2.6134135e+000  3.0185736e+000  4.1918199e+000
  2.0000000e+000  5.0810920e+000  3.1003527e+000  5.0564152e+000  3.8311255e+000  4.2518852e+000  3.0967059e+000  1.7593030e+000  3.6540164e+000  1.8841032e+000  2.7747411e+000
  2.0000000e+000  2.4477093e+000  2.8754416e+000  4.5712164e+000  2.1237423e+000  2.5973763e+000  2.6642649e+000  1.8603652e+000  4.0416495e+000  1.9977677e+000  4.8095958e+000
  2.0000000e+000  2.9234776e+000  2.5167436e+000  1.7105204e+000  3.2308304e+000  3.8638459e+000  2.3705607e+000  2.0297487e+000  2.6745800e+000  4.0029560e+000  3.5767743e+000
  2.0000000e+000  3.7335672e+000  2.1456558e+000  1.5846697e+000  2.9809461e+000  3.8052220e+000  4.0108765e+000  2.6309681e+000  7.7279868e-001  2.0339195e+000  4.4078430e+000
  2.0000000e+000  4.2994312e+000  2.4686763e+000  2.0815434e+000  2.9419206e+000  2.3742879e+000  3.5318674e+000  2.3015164e+000  3.8920083e+000  2.6198320e+000  3.1603579e+000
  2.0000000e+000  3.7783665e+000  3.7839991e+000  4.1790775e+000  2.3803323e+000  2.2844567e+000  2.3191322e+000  3.8135367e+000  3.0060581e+000  5.2359797e+000  1.1603438e+000
  2.0000000e+000  3.0976617e+000  3.1460586e+000  1.6709354e+000  3.8929505e+000  2.5042787e+000  1.9917649e+000  2.3599698e+000  2.5453347e+000  5.1981867e-001  2.2512177e+000
  2.0000000e+000  2.8310359e+000  2.3584171e+000  3.5719860e+000  2.7936159e+000  3.3633600e+000  3.0063832e+000  3.1653918e+000  2.5759703e+000  6.3989380e-001  2.1753407e+000
  2.0000000e+000  3.6382450e+000  2.7595573e+000  2.6790596e+000  1.7914513e+000  3.2335081e+000  3.7601146e+000  2.6800133e+000  4.2789893e+000  4.3749608e+000  3.7932600e+000
  2.0000000e+000  2.4209202e+000  3.9881169e+000  4.2296776e+000  2.8020016e+000  4.1661661e+000  4.1266146e+000  3.6302676e+000  2.3437369e+000  2.9183366e+000  4.0132616e+000
  2.0000000e+000  2.9265860e+000  3.2728918e+000  3.0787900e+000  2.0884911e+000  2.8968046e+000  2.7619019e+000  3.6454420e+000  2.7134316e+000  1.5266603e+000  4.2072649e+000
  2.0000000e+000  2.9527075e+000  2.7651825e+000  4.0405401e+000  4.1074319e+000  2.0988969e+000  4.3314321e+000  4.3936370e+000  1.7318571e+000  5.9262217e+000  2.8056354e+000
  2.0000000e+000  3.8083792e+000  1.9234563e+000  1.4520705e+000  2.8218378e+000  2.4867904e+000  2.8035228e+000  9.4750800e-001  3.8597270e+000  3.9059626e+000  2.6038287e+000
  2.0000000e+000  1.7884100e+000  3.2873875e+000  2.5104062e+000  4.0227757e+000  3.1583347e+000  4.6145162e+000  4.7020761e+000  2.7367967e+000  3.2421086e+000  1.5484326e+000
  2.0000000e+000  2.0808331e+000  4.9479370e-001  7.5470743e-001  4.8705518e+000  4.5692186e+000  2.3869974e+000  2.3643964e+000  2.9835650e+000  8.3389268e-001  1.0919396e+000
  2.0000000e+000  4.2484091e+000  2.5763267e+000  3.2423441e+000  3.6977839e+000  1.9529943e+000  2.4642875e+000  3.6483732e+000  3.3249390e+000  3.3985831e+000  3.0962546e+000
  2.0000000e+000  2.5868396e+000  2.4271041e+000  3.4955407e+000  3.2865294e+000  1.4007111e+000  3.5421900e+000  1.8223876e+000  3.3969139e+000  2.6338889e+000  2.9205555e+000
  2.0000000e+000  5.6079055e+000  3.0151863e+000  1.5425513e+000  2.3372523e+000  2.0668080e+000  1.9168667e+000  2.6589947e+000  4.2886546e+000  2.9634858e+000  3.4665949e+000
  2.0000000e+000  1.9846925e+000  4.0162493e+000  1.9191602e+000  3.3119145e+000  3.0525872e+000  2.8134959e+000  3.7424639e-001  3.5144973e+000  1.7354947e+000  4.3026754e+000
  2.0000000e+000  3.6359704e+000  1.5598163e+000  2.7217165e+000  1.6373923e+000  3.0685340e+000  2.7277190e+000  8.0324335e-001  3.2088328e+000  2.9557137e+000  2.0457253e+000
  1.0000000e+000  3.0666288e+000  3.3067603e+000  1.4200608e+000  1.5729728e+000  1.1613600e+000  2.2310129e+000  2.9939041e+000  3.2554184e+000  3.0737904e+000  3.5317560e+000
  2.0000000e+000  2.1758025e+000  5.3232977e+000  1.8712994e+000  4.0362557e+000  3.1954759e+000  3.2273837e+000  3.6314780e+000  2.9593786e+000  3.7480558e+000  3.6579864e+000
  2.0000000e+000  2.6105409e+000  3.3783934e+000  1.9547751e+000  2.6135185e+000  3.4810183e+000  4.6961715e+000  1.5709688e+000  2.9736236e+000  2.6179124e+000  1.4963364e+000
  1.0000000e+000  3.1067602e+000  3.9444926e+000  3.3692067e+000  2.6377253e+000  3.4213079e+000  3.0992412e+000  2.9649991e+000  3.0942032e+000  3.7849633e+000  3.2251928e+000
  1.0000000e+000  2.2280101e+000  4.3777354e+000  2.6087564e+000  2.3520350e+000  3.8981444e+000  3.5293569e+000  4.7067691e+000  2.8594505e+000  3.1084546e+000  3.5726814e+000
  2.0000000e+000  2.5537493e+000  3.8925472e+000  3.2625005e+000  4.6927425e+000  4.7048454e+000  4.2069152e+000  3.7905061e+000  3.2581460e+000  4.2843533e+000  3.2578632e+000
  2.0000000e+000  2.6949244e+000  1.3090165e+000  2.0055752e+000  1.5433289e+000  2.8647643e+000  3.0650305e+000  3.3114245e+000  3.4174515e+000  2.8398485e+000  4.1648096e+000
  2.0000000e+000  2.8634040e+000  4.7111427e+000  4.3581218e+000  2.7608961e+000  2.5904401e+000  1.7990063e+000  3.7292641e+000  3.7302529e+000  2.9101740e+000  2.3148215e+000
  2.0000000e+000  2.5122031e+000  3.1727693e+000  3.8125258e+000  3.7378907e+000  1.8191591e+000  4.4828821e+000  5.2716532e+000  3.2939063e+000  2.2665522e+000  1.7463823e+000
  2.0000000e+000  2.7239629e+000  3.6712596e+000  4.0028719e+000  2.3737674e+000  9.9300899e-001  5.4807678e+000  4.5919790e+000  3.7305651e+000  2.4256568e+000  4.0762266e+000
  2.0000000e+000  2.9942513e+000  1.8767290e+000  8.8073798e-001  2.7619325e+000  5.5683837e+000  2.7015869e+000  3.2834661e+000  2.9135825e+000  2.3155676e+000  2.8638806e+000
  2.0000000e+000  4.3468744e+000  4.7529800e+000  1.6941992e+000  6.8025845e-001  3.8851595e+000  1.5381230e+000  2.8079986e+000  3.7216145e+000  3.4586473e+000  3.3009004e+000
  1.0000000e+000  2.7490557e+000  2.4272635e+000  3.5373782e+000  3.7496460e+000  3.9429573e+000  4.6946843e+000  1.7799075e+000  1.5903331e+000  3.7602747e+000  1.6149898e+000
  2.0000000e+000  3.9090691e+000  4.4148853e+000  2.8404073e+000  4.3142565e+000  4.6711441e+000  3.2342884e+000  4.7371925e+000  3.8989901e+000  2.6420946e+000  3.8496245e+000
  2.0000000e+000  4.1448099e+000  1.5671109e+000  2.7008943e+000  2.0652498e+000  4.2473518e+000  4.6089924e+000  3.7524375e+000  2.4535663e+000  3.5464480e+000  2.9858046e+000
  2.0000000e+000  4.1233132e+000  2.1948913e+000  3.4209598e+000  2.5516973e+000  4.7732376e+000  3.6228313e+000  2.0272283e+000  2.0265397e+000  1.4501310e+000  4.6381259e+000
  2.0000000e+000  1.8612358e+000  2.0825904e+000  1.8509129e+000  3.5091599e+000  2.5331122e+000  5.2616472e+000  4.3916804e+000  1.9890742e+000  2.8680052e+000  1.8018033e+000
  2.0000000e+000  3.6877000e+000  5.7724992e+000  4.6232170e+000  3.5065097e+000  3.8203165e+000  1.6430121e+000  2.5796601e+000  2.4328357e+000  4.0325410e+000  4.3911104e+000
  2.0000000e+000  2.6965514e+000  3.3082270e+000  2.5936575e+000  1.9340093e+000  3.9711468e+000  1.1704075e+000  3.4857774e+000  4.1381314e+000  2.5354491e+000  4.1652332e+000
  2.0000000e+000  4.6567832e+000  3.4640989e+000  4.2212736e+000  3.7270862e+000  1.7631318e+000  5.1300314e+000  3.1943631e+000  3.3239409e+000  1.8265182e+000  1.5042947e+000
  2.0000000e+000  3.0133718e+000  2.3194157e+000  3.6852728e+000  2.1738388e+000  1.2059799e+000  2.6471590e+000  5.3115688e+000  2.8225117e+000  2.7948984e+000  2.9275697e+000
  2.0000000e+000  3.3703932e+000  3.1385279e+000  4.2897614e+000  5.0901979e+000  2.3318311e+000  2.7137702e+000  2.0164475e+000  3.6947530e+000  4.3845416e+000  1.8735736e+000
  2.0000000e+000  2.9350976e+000  3.3314419e+000  2.5815338e+000  2.7185748e+000  4.3257550e+000  4.4265162e+000  3.6965047e+000  2.8460691e+000  4.2558294e+000  3.1334843e+000
  1.0000000e+000  2.7479538e+000  4.1754372e+000  2.3268150e+000  1.1957422e+000  2.7731420e+000  2.6185329e+000  2.3243299e+000  2.6367241e+000  3.4958876e+000  3.0312002e+000
  2.0000000e+000  3.5146080e+000  2.4637074e+000  3.0714073e+000  2.2463612e+000  2.2755794e+000  2.1571197e+000  3.1657695e-001  1.9237350e+000  3.8647743e+000  3.5444801e+000
  2.0000000e+000  2.3002225e+000  3.5208468e+000  2.3800472e+000  2.8953035e+000  2.9650713e+000  1.9544901e+000  3.7135176e+000  3.2636074e+000  4.2295786e+000  3.3194193e+000
  2.0000000e+000  2.0297102e+000  2.1919557e+000  2.9985493e+000  4.5945492e+000  4.1998405e+000  1.5588045e+000  2.9726810e+000  3.8315379e+000  2.0670916e+000  2.7548485e+000
  1.0000000e+000  2.1140272e+000  4.3106191e+000  2.8745552e+000  2.4616730e+000  3.3882494e+000  3.1037716e+000  2.8519874e+000  3.8010999e+000  3.3338988e+000  3.2169994e+000
  2.0000000e+000  2.4344863e+000  3.7601093e+000  2.4468014e+000  2.6577787e+000  2.6292931e+000  2.7185432e+000  1.5143260e+000  2.0811203e+000  2.2637572e+000  3.1755371e+000
  2.0000000e+000  3.4211980e+000  2.6395564e+000  2.9970918e+000  3.8693483e+000  3.0857031e+000  2.1129835e+000  3.2430195e+000  2.6698832e+000  1.9026451e+000  2.9205035e+000
  1.0000000e+000  3.4608715e+000  4.5838004e+000  3.1845405e+000  1.6235166e+000  2.6459145e+000  2.0866841e+000  2.3523364e+000  3.1514965e+000  3.5203797e+000  4.0879533e+000
  2.0000000e+000  2.1214537e+000  1.9112458e+000  2.5648661e+000  2.4999811e+000  4.1076265e+000  3.6451944e+000  2.7583917e+000  4.9528546e+000  3.7210292e+000  2.6615248e+000
  2.0000000e+000  2.1638887e+000  2.8278588e+000  3.8057888e+000  3.2055421e+000  4.1370475e+000  4.4122774e+000  3.9976166e+000  2.6486275e+000  2.0167433e+000  3.3290075e+000
  1.0000000e+000  2.9472405e+000  4.0979433e+000  1.9830702e+000  3.3913862e+000  3.4250341e+000  3.8917756e+000  1.7982583e+000  3.1032280e+000  3.0894594e+000  2.2767489e+000
  2.0000000e+000  4.4123422e+000  4.6893581e+000  4.1285613e+000  3.2189124e+000  1.9261549e+000  4.6060436e+000  3.4861371e+000  2.8478802e+000  2.8426243e+000  3.2327587e+000
  2.0000000e+000  2.6744055e+000  3.8071098e+000  3.1445955e+000  5.4271070e+000  2.4293385e+000  2.2761300e+000  1.4531142e+000  2.8135138e+000  2.8384024e+000  2.0276597e+000
  2.0000000e+000  3.5293704e+000  3.6753824e+000  1.7701907e+000  2.9974217e+000  1.5339689e+000  1.5243205e+000  3.9498609e-001  3.1418361e+000  1.4637465e+000  2.2092832e+000
  2.0000000e+000  2.9418322e+000  3.4761094e+000  1.9073020e+000  4.0712995e+000  2.9951013e+000  2.0702915e+000  1.8625090e+000  3.8119725e+000  4.2269986e+000  3.2903652e+000
  2.0000000e+000  3.2865134e+000  3.6170706e+000  1.2419067e+000  2.4649995e+000  3.4809144e+000  3.0215088e+000  1.5427211e+000  3.3358300e+000  2.6166341e+000  8.1255555e-001
  1.0000000e+000  3.1505561e+000  4.0421856e+000  2.1065028e+000  3.0564531e+000  3.5563006e+000  2.5182856e+000  4.1772069e+000  2.8933712e+000  3.3678661e+000  2.0358827e+000
  2.0000000e+000  1.9968100e+000  3.0160895e+000  3.9678714e+000  3.8937294e+000  3.4982648e+000  3.6435397e+000  9.2587041e-001  1.0421647e+000  1.3587554e+000  5.0819592e+000
  2.0000000e+000  3.0183954e+000  4.9536055e+000  1.2707603e+000  3.2567032e+000  3.0725079e-001  3.0960209e+000  4.4788024e+000  3.8486253e+000  2.9469172e+000  2.5355799e+000
  2.0000000e+000  3.7379665e+000  2.6170992e+000  2.5671828e+000  2.7055434e+000  3.6021689e+000  3.3087496e+000  1.5111680e+000  2.6754793e+000  2.5420996e+000  4.3223790e+000
  1.0000000e+000  2.3250946e+000  3.0614432e+000  3.3827120e+000  2.2134389e+000  2.4567084e+000  3.1451334e+000  2.7276154e+000  4.4252299e+000  3.5123946e+000  3.0150176e+000
  1.0000000e+000  3.3235718e+000  1.8598521e+000  5.0586230e+000  4.1282322e+000  4.8677709e+000  3.4509931e+000  2.0265821e+000  3.0581709e+000  3.4323088e+000  2.3555287e+000
  2.0000000e+000  1.8509168e+000  3.5909480e+000  3.4160013e+000  3.3538352e+000  2.8994508e+000  2.3660421e+000  2.8528863e+000  1.4367416e+000  1.6881899e+000  4.2690823e+000
  2.0000000e+000  4.5020567e+000  4.2981198e+000  4.4262442e+000  2.6230679e+000  1.6090879e+000  3.0091806e+000  2.4690991e+000  1.5940086e+000  3.0177135e+000  3.5867609e+000
  2.0000000e+000  3.4125118e+000  4.7672354e+000  1.9651537e+000  3.3155050e+000  3.3350358e+000  4.3096619e+000  2.4324723e+000  3.2433432e+000  1.4122525e+000  3.4100037e+000
  2.0000000e+000  4.8564673e+000  3.8951199e+000  2.0859144e+000  3.4868800e+000  3.8553946e+000  2.1240452e+000  5.2096090e+000  5.1734021e+000  3.0918412e+000  3.9219888e+000
  1.0000000e+000  3.7060399e+000  2.2676792e+000  1.2346881e+000  1.6053442e+000  4.4107883e+000  3.0990758e+000  3.7215459e+000  3.3055588e+000  3.5192116e+000  3.1395415e+000
