  2.0000000e+000  2.4577899e+000  1.8285694e+000  3.2084979e+000  1.9262305e+000  2.4387657e+000  3.1811285e+000  1.0413022e+000  2.0711316e+000  4.1845758e+000  2.7364229e+000
  2.0000000e+000  3.4421379e+000  1.6353245e+000  2.8430310e+000  3.4862818e+000  2.8405569e+000  3.2813127e+000  3.5616922e+000  2.1522632e+000  2.0521769e+000  3.2002359e+000
  2.0000000e+000  1.9366009e+000  2.7114434e+000  2.5404980e+000  2.2048999e+000  4.3151765e+000  2.2410159e+000  2.5635908e+000  2.4347319e+000  2.1316909e+000  4.3269673e+000
  2.0000000e+000  1.6198514e+000  1.9849670e+000  6.5927813e-001  3.8081089e+000  1.6545421e+000  1.0260544e+000  3.2209687e+000  1.6789787e+000  3.6636382e+000  3.0118983e+000
  2.0000000e+000  2.8760133e+000  1.7043091e+000  3.0679011e+000  4.3169010e+000  2.9778553e+000  2.3765015e+000  2.7578322e+000  2.2339768e+000  3.5617797e+000  2.6621475e+000
  1.0000000e+000  3.4782632e+000  2.3749137e+000  2.4344275e+000  1.3820583e+000  3.0285914e+000  4.3868185e+000  3.1446376e+000  3.0111191e+000  2.2954993e+000  2.6237748e+000
  2.0000000e+000  2.1106028e+000  2.7024569e+000  2.5000201e+000  3.8224010e+000  2.3703507e+000  1.3621861e+000  4.2889216e+000  2.9857253e+000  3.7415367e+000  3.4754156e+000
  2.0000000e+000  4.1245516e+000  3.7397454e+000  2.3593278e+000  4.9368736e+000  1.8068722e+000  1.6473142e+000  4.1992051e+000  3.7492900e+000  1.5903386e+000  1.9952311e+000
  1.0000000e+000  3.6921373e+000  4.0549517e+000  3.5871530e+000  2.1642069e+000  3.7193463e+000  2.8102062e+000  2.9752131e+000  2.2278428e+000  3.6739935e+000  2.8689638e+000
  2.0000000e+000  3.2848733e+000  4.2026811e+000  2.3769268e+000  3.4510918e+000  3.8876213e+000  4.9308414e+000  3.0085270e+000  2.1887196e+000  3.5453242e+000  2.2871522e+000
  2.0000000e+000  2.2702899e+000  4.0486312e+000  2.6221554e+000  3.3011285e+000  4.1339422e+000  5.9730551e+000  3.3716162e+000  5.3009187e+000  2.6808911e+000  3.8560611e+000
  2.0000000e+000  3.3281794e+000  4.1825783e+000  3.6964873e+000  2.4812786e+000  2.1793598e+000  2.6799007e+000  1.7385261e+000  3.8689265e+000  1.7550422e+000  3.8886027e+000
  2.0000000e+000  3.4199276e+000  3.9049003e+000  2.4261616e+000  4.1902038e+000  2.5113315e+000  2.7297509e+000  4.1697246e+000  2.7672050e+000  2.9107078e+000  2.7020093e+000
  2.0000000e+000  1.9084057e+000  3.2108283e+000  3.2746932e+000  4.5068901e+000  2.9181276e+000  3.9326776e+000  2.5691396e+000  4.2871842e+000  3.0609001e+000  2.9526578e+000
  2.0000000e+000  3.4237945e+000  3.2324100e+000  2.9551178e+000  3.0918635e+000  1.8278504e+000  1.9660467e+000  2.2952152e+000  2.8846198e+000  2.7609989e+000  3.5377000e+000
  1.0000000e+000  2.4546554e+000  2.4602286e+000  2.5574822e+000  3.6373886e+000  3.5200193e+000  3.3338350e+000  2.9533001e+000  2.9831812e+000  2.4940874e+000  4.7058325e+000
  2.0000000e+000  2.2176307e+000  3.2721657e+000  2.7631622e+000  2.6785103e+000  2.2832128e+000  2.7124029e+000  4.0095068e+000  3.1286984e+000  3.3467208e+000  2.9528971e+000
  2.0000000e+000  3.5557742e+000  2.9447724e+000  1.7367482e+000  2.5138600e+000  4.4494237e+000  3.6023068e+000  4.2458865e+000  3.0038625e+000  1.0604653e+000  2.0302628e+000
  2.0000000e+000  2.4128042e+000  2.8489080e+000  3.0031470e+000  1.8024889e+000  2.2969339e+000  3.9603079e+000  2.2535464e+000  2.4078650e+000  3.2124027e+000  3.5886066e+000
  1.0000000e+000  1.5474586e+000  3.3692466e+000  2.8994137e+000  3.0217280e+000  3.5091891e+000  1.4695517e+000  1.9854863e+000  4.8027965e+000  4.1693568e+000  2.6490944e+000
  1.0000000e+000  4.2314642e+000  3.4061879e+000  2.4086939e+000  1.9265352e+000  3.7168539e+000  3.9880226e+000  1.9809471e+000  3.6446459e+000  9.1293686e-001  3.4865273e+000
  1.0000000e+000  4.5089406e+000  3.0928104e+000  2.7729175e+000  2.8077872e+000  3.5592301e+000  4.6516486e+000  3.0070060e+000  3.8145677e+000  2.2373212e+000  4.0838783e+000
  2.0000000e+000  4.1765094e+000  3.0635153e+000  2.9955334e+000  1.9187440e-001  2.6129999e+000  2.7819694e+000  3.3528926e+000  3.8799548e+000  3.5519816e+000  4.4015496e+000
  2.0000000e+000  3.9598049e+000  2.6975287e+000  3.2274098e+000  4.3670098e+000  2.1796105e+000  2.3737594e+000  2.7641175e+000  3.6143516e+000  2.0095745e+000  2.0884893e+000
  2.0000000e+000  3.4231839e+000  3.8804441e+000  3.2542014e+000  3.4657181e+000  4.8795779e+000  4.1748812e+000  3.6737181e+000  5.0333488e+000  3.1737385e+000  2.6844297e+000
  1.0000000e+000  4.4321134e+000  5.0046585e+000  3.3644054e+000  3.4226670e+000  3.0121050e+000  2.7502313e+000  3.5926590e+000  3.5360440e+000  2.0342387e+000  3.2897375e+000
  2.0000000e+000  1.5904757e+000  2.4806638e+000  2.5113091e+000  2.7552006e+000  2.9952153e+000  4.9707738e+000  1.9565711e+000  3.6289351e+000  1.5509385e+000  2.7831138e+000
  2.0000000e+000  4.1798476e+000  1.2948608e+000  4.1543986e+000  2.3194245e+000  1.9700162e+000  2.0416324e+000  3.1078092e+000  4.0097940e+000  3.0787982e+000  5.2333050e+000
  2.0000000e+000  3.3367444e+000  2.7470451e+000  4.5864252e+000  2.7198718e+000  9.6030476e-001  3.6387696e+000  3.2549585e+000  1.6080135e+000  2.2153089e+000  2.1851736e+000
  1.0000000e+000  4.7950236e+000  3.7333230e+000  2.4654137e+000  3.4628483e+000  3.3232320e+000  4.2862330e+000  2.1546805e+000  3.5075214e+000  2.4899839e+000  3.9898162e+000
  2.0000000e+000  2.4113405e+000  4.8261481e+000  2.8716478e+000  3.1364051e+000  4.5247900e+000  2.1274672e+000  3.9877440e+000  3.5307706e+000  9.4213719e-001  3.7730216e+000
  2.0000000e+000  3.8943161e+000  2.9575341e+000  2.0152740e+000  3.1780316e+000  2.4475326e+000  2.3676852e+000  3.9327279e+000  2.0847544e+000  4.2114819e+000  4.2025065e+000
  2.0000000e+000  2.0758975e+000  4.0283765e+000  2.4930974e+000  2.2089638e+000  4.6849299e+000  3.0164028e+000  2.1747250e+000  4.4377012e+000  2.8888039e+000  1.6739795e+000
  2.0000000e+000  3.4930589e+000  2.9231115e+000  3.7303714e+000  2.9340768e+000  2.8492975e+000  1.9280674e+000  2.0342170e+000  1.8257822e+000  3.2169108e+000  2.9207810e+000
  2.0000000e+000  2.3839615e+000  2.8205031e+000  1.4847724e+000  2.1677710e+000  1.7022980e+000  3.8948959e+000  3.8846893e+000  4.8926695e+000  2.4743173e+000  3.5139361e+000
  2.0000000e+000  3.1866795e+000  2.7571613e+000  1.7338614e+000  1.8067094e+000  3.3508207e+000  4.7050779e+000  3.2323842e+000 -7.8242762e-001  3.2996054e+000  2.5384158e+000
  2.0000000e+000  2.5280486e+000  7.5065616e-001  2.1974123e+000  4.4648706e+000  4.4221606e+000  2.5451442e+000  2.5216535e+000  1.6907496e+000  2.5839272e+000  2.0588359e+000
  1.0000000e+000  2.5165931e+000  2.7222766e+000  3.0720488e+000  7.7982959e-001  3.4049370e+000  3.0292989e+000  2.9083110e+000  2.8267163e+000  2.8147476e+000  3.9258469e+000
  2.0000000e+000  2.7114008e+000  1.5573901e+000  1.6586144e+000  4.5300082e+000  1.9045456e+000  3.3347668e+000  3.2328675e+000  1.8494480e+000  2.4603320e+000  6.0577450e-001
  2.0000000e+000  2.1601268e+000  2.5998121e+000  2.7139800e+000  1.9456114e+000  2.9442571e+000  4.5260319e+000  2.5854482e+000  2.0260831e+000  3.1348142e+000  4.8767110e+000
  2.0000000e+000  4.9630060e+000  5.2317935e+000  4.6771147e+000  4.4682506e+000  1.8068559e+000  2.4173738e+000  2.4573338e+000  2.8951663e+000  1.2958255e+000  2.8472847e+000
  1.0000000e+000  3.8098208e+000  1.9257134e+000  2.9666640e+000  1.9907172e+000  3.3106456e+000  2.5416623e+000  2.2692212e+000  2.9903089e+000  3.6967312e-001  3.2539425e+000
  2.0000000e+000  3.6101608e+000  4.0346696e+000  2.1523818e+000  1.8717927e+000  4.1247632e+000  4.9154498e+000  2.5497253e+000  1.2140457e+000  3.9514700e+000  2.5811551e+000
  2.0000000e+000  2.8456465e+000  2.9297662e+000  1.2240540e+000  3.4897252e+000  3.4314984e+000  3.6728302e+000  4.0287650e+000  3.1996805e+000  3.1119960e+000  1.8526840e+000
  2.0000000e+000  2.0901144e+000  2.5637592e+000  5.8960365e+000  2.3219152e+000  1.0922219e+000  3.4409812e+000  2.4648558e+000  2.4060654e+000 -2.7175844e-004  3.4065604e+000
  2.0000000e+000  3.3844642e+000  2.0703056e+000  4.8617835e+000  2.5880723e+000  3.3240394e+000  3.6194056e+000  3.8526940e+000  1.1867658e+000  3.7484071e+000  1.8802197e+000
  2.0000000e+000  4.5790536e+000  3.2325786e+000  2.7465245e+000  2.5548951e+000  1.9001971e+000  4.1879995e+000  1.9384802e+000  1.2454045e+000  3.4349717e+000  2.3094180e+000
  1.0000000e+000  3.0834154e+000  2.3832476e+000  2.3501235e+000  3.3544870e+000  3.0946666e+000  3.0066941e+000  2.3281728e+000  2.7466122e+000  2.0480784e+000  3.4616297e+000
  2.0000000e+000  6.7654461e-001  3.9243056e+000  4.0183412e+000  3.9232511e+000  2.0475013e+000  3.0784207e+000  1.9137170e+000  3.0982399e+000  2.2367071e+000  2.4040799e+000
  1.0000000e+000  4.4734280e+000  1.1797251e+000  3.2275795e+000  2.1599852e+000  3.8581887e+000  4.5049486e+000  2.5376652e+000  1.6500990e+000  4.3645076e+000  3.4491622e+000
  1.0000000e+000  3.6545775e+000  2.7587878e+000  3.5008391e+000  3.6693366e+000  3.0676021e+000  3.2569518e+000  2.7659025e+000  3.9864529e+000  9.7379013e-001  4.9490440e+000
  1.0000000e+000  4.1729839e+000  3.1081345e+000  2.1132949e+000  1.2800498e+000  3.2754291e+000  2.3839780e+000  2.0092358e+000  3.4680657e+000  3.7154597e+000  3.0180473e+000
  2.0000000e+000  2.8117559e+000  3.7350186e+000  2.9767435e+000  2.4169216e+000  2.9687912e-001  2.7003846e+000  2.9503555e+000  2.9137010e+000  3.3172433e+000  1.9925468e+000
  2.0000000e+000  1.0715692e+000  2.7998103e+000  1.5054950e+000  3.8328281e+000  3.3248310e+000  3.7678748e+000  3.2468326e+000  4.7139882e+000  1.8688213e+000  2.2752813e+000
  1.0000000e+000  3.0618460e+000  4.2125811e+000  3.4910690e+000  4.8426811e+000  3.7026861e+000  3.1777532e+000  8.6323797e-001  3.8704837e+000  3.1292279e+000  4.2707084e+000
  2.0000000e+000  4.2874700e+000  3.1529043e+000  3.0837905e+000 -1.4667732e-001  2.9011223e+000  3.2572864e+000  2.6367661e+000  2.9401640e+000  2.8711248e+000  4.9433653e+000
  2.0000000e+000  2.6365388e+000  1.7266838e+000  1.8714490e+000  3.5397281e+000  3.3561312e+000  3.5297948e+000  1.6766209e+000  3.2577345e+000  2.6117152e+000  3.9289517e+000
  2.0000000e+000  1.5490671e+000  2.6353348e+000  9.5870039e-001  8.3225556e-001  1.8292081e+000  3.3819270e+000  4.7655338e+000  7.8569959e-001  2.0252259e+000  9.7969814e-001
  2.0000000e+000  2.3255201e+000  2.2748176e+000  2.3687012e+000  2.8604041e+000  4.6330189e+000  2.8254028e+000  2.6173806e+000  2.9230391e+000  3.4711029e+000  1.7121493e+000
  2.0000000e+000  2.1670380e+000  2.2525211e+000  2.9315172e+000  3.9606963e+000  4.1049570e+000  2.0030837e+000  2.2707570e+000  3.3389719e+000  2.7143155e+000  3.6775440e+000
  2.0000000e+000  4.4414161e+000  3.5164513e+000  4.2989626e+000  2.9470003e+000  2.9279824e+000  4.3096226e+000  3.5428748e+000  2.1124827e+000  2.5010118e+000  3.3278166e+000
  2.0000000e+000  4.5146818e+000  3.4863986e+000  3.8246083e+000  1.9308676e+000  1.6043225e+000  3.6575068e+000  1.9815642e+000  3.6468684e+000  2.9024329e+000  3.3556887e+000
  2.0000000e+000  2.9029470e+000  3.9355703e+000  2.9677380e+000  3.6906702e+000  2.8880475e+000  2.4748903e+000  2.1424398e+000  2.5449045e+000  3.9335102e+000  3.1780486e+000
  2.0000000e+000  2.8674399e+000  3.7825595e+000  3.9469453e+000  4.2991339e+000  1.7219440e+000  4.1658804e+000  3.2939383e+000  3.1317437e+000  2.3272268e+000  3.8679354e+000
  2.0000000e+000  1.5442415e+000  2.7688416e+000  2.9716199e+000  4.0724315e+000  1.6013131e+000  2.8905313e+000  3.9873096e+000  1.9877681e+000  4.0071980e+000  2.7474034e+000
  2.0000000e+000  4.0678938e+000  3.3210122e+000  3.9620775e+000  4.0781410e+000  4.3873658e+000  2.7345394e+000  3.6314691e+000  1.0675934e+000  2.6176279e+000  2.3630916e+000
  1.0000000e+000  2.9922276e+000  3.7268084e+000  2.4510384e+000  3.6942594e+000  3.7333774e+000  9.3702655e-001  3.8049936e+000  1.9698199e+000  3.6418308e+000  2.7866925e+000
  2.0000000e+000  2.4220952e+000  4.0865985e+000  2.0512903e+000  4.9553412e+000 -6.7740971e-003  4.7975367e+000  5.0695069e+000  4.3490453e+000  1.4405172e+000  2.1563335e+000
  2.0000000e+000  2.1041155e+000  3.5284441e+000  2.2807977e+000  2.0440763e+000  2.2405729e+000  4.4428725e+000  2.6942254e+000  3.9483794e+000  3.5277050e+000  6.8205226e-001
  2.0000000e+000  3.0408322e+000  3.2223723e+000  2.5553942e+000  3.0351595e+000  2.4978695e+000  3.4152956e+000  1.2028156e+000  2.0158698e+000  3.4301222e+000  5.6626365e-001
  2.0000000e+000  2.3484446e+000  3.2278670e+000  2.4299382e+000  3.0780217e+000  2.4183933e+000  4.2580683e+000  2.4801780e+000  3.8418141e+000  1.9837958e+000  1.9184139e+000
  2.0000000e+000  3.8469974e+000  2.5280006e+000  3.2469459e+000  2.1329616e+000  2.8352189e+000  3.0662829e+000  4.9433227e+000  3.3703973e+000  2.7432335e+000  2.9339880e+000
  2.0000000e+000  1.9392817e+000  1.8740062e+000  2.9802964e+000  2.7586322e+000  2.6808700e+000  1.6443956e+000  2.7180633e+000  5.9780951e+000  3.3439661e+000  4.1342564e+000
  2.0000000e+000  3.3194786e+000  1.9681237e+000  4.3840811e+000  4.3414626e+000  3.4124254e+000  6.0125992e+000  3.8473121e+000  4.3426689e+000  3.7806469e+000  2.8392649e+000
  2.0000000e+000  3.3397091e+000  3.3077507e+000  3.2665410e+000  4.0010212e+000  1.6067469e+000  2.4964970e+000  4.0197875e+000  3.6408364e+000  2.1176423e+000  3.5556179e+000
  2.0000000e+000  2.8969556e+000  2.7931994e+000  3.1314045e+000  2.5702453e+000  1.9387294e+000  1.6595888e+000  3.9096066e+000  2.6376503e+000  2.7359879e+000  3.0436619e+000
  2.0000000e+000  3.5291873e+000  3.8403181e+000  1.2873456e+000  3.0520091e+000  3.8273918e+000  4.8299482e+000  2.7908576e+000  2.1564868e+000  2.6399588e+000  4.5913692e+000
  2.0000000e+000  3.4507320e+000  9.9571187e-001  2.5520200e+000  6.4464305e-001  2.1102560e+000  3.1460867e+000  3.3484044e+000  1.6279831e+000  2.4054311e+000  3.0513068e+000
  2.0000000e+000  3.1899200e+000  4.2771561e+000  1.3759762e+000  2.2878469e+000  2.7631275e+000  3.3608238e+000  3.0489790e+000  1.3137264e+000  3.2510672e+000  3.1191321e+000
  1.0000000e+000  3.2398510e+000  2.9669514e+000  3.9470338e+000  3.3422388e+000  3.0327940e+000  3.4325392e+000  2.4381448e+000  3.9053208e+000  3.4328561e+000  2.6774324e+000
  1.0000000e+000  2.7764650e+000  4.2776092e+000  3.2513312e+000  3.3544500e+000  3.3399406e+000  2.0099919e+000  3.5209361e+000  2.2656497e+000  2.4020206e+000  1.7835545e+000
  2.0000000e+000  3.2406206e+000  3.1471755e+000  3.4230663e+000  4.0089659e+000  2.4942392e+000  3.0604448e+000  3.5058775e+000  1.8262435e+000  4.3192199e+000  3.9869993e+000
  2.0000000e+000  3.0334213e+000  2.7318691e+000  2.2073080e+000  3.4064656e+000  3.7168183e+000  2.7006992e+000  4.7403957e+000  4.3662538e+000  1.8994892e+000  2.4575368e+000
  2.0000000e+000  3.9982134e+000  4.2008835e+000  4.3874693e+000  3.2107477e+000  3.9088929e+000  3.6280841e+000  3.5634000e+000  2.2639279e+000  3.2724842e+000  2.6876871e+000
  2.0000000e+000  2.1998238e+000  2.4134309e+000  3.5125221e+000  3.5069203e+000  3.8659310e+000  3.2410984e+000  3.7696928e+000  2.6880050e+000  3.7963369e+000  3.9024504e+000
  2.0000000e+000  4.0476055e+000  2.6704791e+000  2.0975576e+000  2.7248531e+000  2.1759226e+000  3.6548671e+000  4.2369496e+000  2.2387779e+000  1.0860991e+000  4.9180108e+000
  2.0000000e+000  3.4058975e+000  6.1400362e+000  2.2156895e+000  3.6862564e+000  2.9911219e+000  2.1134905e+000  2.6593299e+000  4.5560451e+000  3.1522649e+000  3.1642183e+000
  1.0000000e+000  2.2762185e+000  1.6252425e+000  3.4397033e+000  4.1938523e+000  3.2478106e+000  4.1460976e+000  2.8359660e+000  3.2542231e+000  1.7694922e+000  2.2651659e+000
  2.0000000e+000  3.0882285e+000  2.1473287e+000  4.3392149e+000  1.9634905e+000  1.4186142e+000  3.0723839e+000  2.6825987e+000  4.0568992e+000  2.4359978e+000  3.5127065e+000
  1.0000000e+000  3.4627634e+000  1.4331028e+000  3.0455431e+000  9.9193625e-001  3.8838686e+000  3.8769532e+000  2.8116716e+000  3.9279442e+000  2.7985111e+000  3.3339990e+000
  2.0000000e+000  2.9750747e+000  4.6573540e+000  4.9152005e+000  1.7358125e+000  4.1256439e+000  3.2189064e+000  2.3007921e+000  2.2357861e+000  2.2497305e+000  2.9995066e+000
  2.0000000e+000  3.2153971e+000  3.6465148e+000  4.0298666e+000  3.0647717e+000  3.0116401e+000  3.9473345e+000  2.9829884e+000  1.1119219e+000  3.8199324e+000  3.7074516e+000
  1.0000000e+000  3.1660711e+000  2.1209297e+000  2.9252960e+000  2.6401286e+000  3.2837198e+000  2.2993384e+000  2.2629491e+000  3.6919668e+000  2.4318476e+000  2.8413211e+000
  1.0000000e+000  2.3133396e+000  3.8814908e+000  2.5769916e+000  3.2853772e+000  3.8686309e+000  3.5327441e+000  4.0575394e+000  1.4469673e+000  2.7127903e+000  2.2491764e+000
  2.0000000e+000  9.1075825e-001  3.0117271e+000  3.2885617e+000  4.1115957e+000  1.4939051e+000  3.6749353e+000  2.9076931e+000  3.4083227e+000  3.8905180e+000  2.2909586e+000
  2.0000000e+000  3.0096664e+000  2.1613756e+000  2.7874731e+000  4.5429259e+000  3.9348076e+000  1.5972965e+000  5.1088845e+000  3.2989914e+000  2.0345254e+000  4.8641723e-002
  2.0000000e+000  1.7641680e+000  3.0799739e+000  4.6883986e-001  4.2323666e+000  3.5400498e+000  3.4396683e+000  2.9174812e+000  1.8942765e+000  1.9345354e+000  4.9581753e+000
  2.0000000e+000  4.5691461e+000  2.6381469e+000  1.2548267e+000  4.2045214e+000  2.2127292e+000  4.2695336e+000  3.5111933e+000  1.3797137e+000  3.4790842e+000  3.5966600e+000
  2.0000000e+000  1.4701534e+000  3.4769515e+000  1.6144642e+000  3.1984786e+000  4.4157031e+000  4.2684431e+000  2.5821988e+000  2.1298142e+000  2.6627726e+000  1.8695452e+000
  2.0000000e+000  2.3875193e+000  3.4739483e+000  2.3665035e+000  2.5192424e+000  3.9105543e+000  2.5008045e+000  4.2576861e+000  2.8378581e+000  1.7141752e+000  4.1787053e+000
