  2.0000000e+000  3.6300066e+000  4.2147955e+000  3.0095214e+000  2.3001484e+000  3.1959592e+000  4.3156389e+000  3.1200056e+000  3.1277919e+000  2.7975578e+000  3.3592534e+000
  2.0000000e+000  2.5631595e+000  3.0103047e+000  1.6956946e+000  1.7059677e+000  2.2086068e+000  2.4391462e+000  2.5265979e+000  3.0965939e+000  2.3104013e+000  1.7850984e+000
  2.0000000e+000  1.6666229e+000  5.0261451e+000  2.4454712e+000  1.9615435e+000  2.2884290e+000  4.0413443e+000  3.1802172e+000  2.0456309e+000  4.0852130e+000  3.3765640e+000
  1.0000000e+000  2.9653740e+000  2.8953120e+000  4.0588680e+000  3.3623523e+000  2.7866656e+000  4.6570220e+000  1.7744030e+000  3.7638993e+000  4.4744097e+000  3.0086343e+000
  2.0000000e+000  1.3989797e+000  1.4945670e+000  1.9244408e+000  3.1096370e+000  3.0917639e+000  4.6981566e+000  3.1868129e+000  3.2727951e+000  1.2209794e+000  1.4811507e+000
  2.0000000e+000  1.1747032e+000  3.0811986e+000  3.8034747e+000  5.4722692e+000  3.4797369e+000  3.5983081e+000  3.0971618e+000  2.0892778e+000  2.6012926e+000  2.4101688e+000
  2.0000000e+000  3.2071152e+000  5.7215583e+000  3.2625365e+000  3.9246891e+000  1.8368940e+000  3.0363686e+000  3.1248839e+000  2.5839941e+000  2.1250497e+000  3.5171337e+000
  1.0000000e+000  3.3122249e+000  2.5346009e+000  2.4544646e+000  2.2548512e+000  3.1197476e+000  1.4690740e+000  3.6183665e+000  3.7022134e+000  3.3335717e+000  3.1664887e+000
  2.0000000e+000  4.3275370e+000  2.7648947e+000  2.2006669e+000  5.9361627e-001  2.4397727e+000  4.2077202e+000  1.5699242e+000  1.9035668e+000  4.7799243e+000  2.4579452e+000
  2.0000000e+000  4.5661301e+000  2.4420657e+000  2.0861056e+000  3.2148650e+000  2.4764499e+000  2.1789816e+000  3.2219398e+000  4.7253393e+000  3.2255134e+000  3.9168641e+000
  2.0000000e+000  4.7070682e+000  2.8854928e+000  2.2434505e+000  3.1416775e+000  2.5135385e+000  3.0696596e+000  4.0627477e+000  1.9683251e+000  4.6051382e+000  2.6511479e+000
  1.0000000e+000  1.3112067e+000  3.9340975e+000  2.2844991e+000  3.2349901e+000  4.2011055e+000  4.2364373e+000  4.2085033e+000  3.4909878e+000  3.5406359e+000  3.1437690e+000
  2.0000000e+000  3.9430978e+000  4.8305460e+000  2.6454694e+000  1.4544166e+000  2.3959829e+000  3.8861708e+000  4.5830327e+000  3.0157950e+000  2.8695663e+000  3.0039029e+000
  1.0000000e+000  3.9483349e+000  3.4148736e+000  3.9523542e+000  4.1226112e+000  2.5510443e+000  2.2173170e+000  2.7349234e+000  1.0549337e+000  2.0303271e+000  3.0358456e+000
  2.0000000e+000  5.8065498e+000  2.5688320e+000  4.4361555e+000  3.6941267e+000  3.1135189e+000  3.7591752e+000  2.9637205e+000  3.3908422e+000  2.3660881e+000  2.1260857e+000
  2.0000000e+000  3.6711095e+000  2.4582907e+000  3.5645579e+000  3.3712974e+000  4.2315657e+000  4.0676826e+000  2.8706368e+000  2.6137232e+000  4.0233823e+000  1.9132912e+000
  2.0000000e+000  3.2761753e+000  1.8865591e+000  1.8983474e+000  2.2408351e+000  3.2163875e+000  3.0885501e+000  1.5789719e+000  2.4957058e+000  3.6250085e+000  4.0142616e+000
  1.0000000e+000  4.7144634e+000  3.1412560e+000  4.3751752e+000  3.6025502e+000  4.1721515e+000  3.8462747e+000  6.5279590e-001  2.5849568e+000  2.6176204e+000  3.9173729e+000
  1.0000000e+000  3.1244524e+000  3.0781392e+000  3.9799679e+000  3.8591233e+000  3.9588379e+000  4.2892664e+000 -8.0653405e-001  3.1765827e+000  3.2381769e+000  3.6164896e+000
  1.0000000e+000  2.2569759e+000  3.5139081e+000  3.0559869e+000  2.3865311e+000  1.7286178e+000  3.4695573e+000  2.8293862e+000  2.0550997e+000  1.6605791e+000  3.7063891e+000
  2.0000000e+000  3.1006959e+000  1.0785052e+000  3.8066668e+000  3.1195148e+000  3.7535989e+000  1.7058649e+000  3.4861392e+000  3.1386693e+000  3.2475850e+000  4.9639827e+000
  2.0000000e+000  4.2419571e+000  2.8170870e+000  1.9819988e+000  3.4270076e+000  1.8249500e+000  1.6903928e+000  2.6843977e+000  2.3002960e+000  3.3142768e+000  2.7232663e+000
  2.0000000e+000  3.1065398e+000  1.8717202e+000  1.8813123e+000  3.8581466e+000  3.4778632e+000  3.6051340e+000  1.7518703e+000  5.2432877e+000  4.4148321e+000  3.1994081e+000
  2.0000000e+000  1.4779882e+000  1.3982003e+000  1.9981345e+000  3.2484852e+000  2.5511788e+000  2.3063346e+000  1.7287224e+000  3.5581282e+000  2.4370356e+000  5.6652872e+000
  2.0000000e+000  2.6746422e+000  6.9533627e-001  3.1395502e+000  2.5472532e+000  3.3910136e+000  2.7109171e+000  2.1384501e+000  3.2406710e+000  1.3044544e+000  3.8645651e+000
  2.0000000e+000  5.7156033e+000  3.6176618e+000  1.6804697e+000  1.1292792e+000  2.5965640e+000  3.7886292e+000  2.3196256e+000  2.7480596e+000  2.3721329e+000  3.0865899e+000
  1.0000000e+000  4.6731390e+000  3.0403088e+000  1.6214185e+000  2.1503692e+000  2.6515123e+000  2.9030058e+000  2.2464747e+000  8.8238666e-001  5.7377771e-001  3.9686338e+000
  2.0000000e+000  3.5569637e+000  4.1425099e+000  2.0925122e+000  3.7358217e+000  3.1703586e+000  1.9378799e+000  3.0061100e+000  3.1893486e+000  1.4597322e+000  3.7192335e+000
  2.0000000e+000  3.2342121e+000  3.7524355e+000  3.3298637e+000  1.7628197e+000  3.0160245e+000  4.4096064e+000  1.9557915e+000  2.8452394e+000  1.7243460e+000  4.7141387e+000
  2.0000000e+000  2.7822631e+000  4.0843922e+000  3.5704601e+000  2.7198626e+000  2.4882538e+000  3.1322574e+000  1.6710544e+000  1.3780096e+000  1.4683141e+000  3.4160061e+000
  1.0000000e+000  2.9169154e+000  3.0238843e+000  2.2395970e+000  3.1091909e+000  2.6371990e+000  3.6946433e+000  2.4162212e+000  2.9291340e+000  3.7170858e+000  3.3361698e+000
  2.0000000e+000  2.8680092e+000  3.6996688e+000  4.1873274e+000  4.5578747e+000  2.9633221e+000  3.7743200e+000  4.2741596e+000  3.8807894e+000  4.7634190e+000  3.9086228e+000
  2.0000000e+000  1.8705735e+000  1.6655878e+000  2.1901930e+000  1.3651824e+000  1.4432988e+000  4.4550848e+000  2.8920785e+000  2.1598199e+000  1.7606644e+000  2.1101761e+000
  2.0000000e+000  2.1743542e+000  3.1573206e+000  2.1262627e+000  2.7267234e+000  4.8039765e+000  2.6268760e+000  3.1306338e+000  2.0054424e+000  4.6754708e+000  1.7384019e+000
  1.0000000e+000  2.1292753e+000  3.3346797e+000  3.2490768e+000  2.5034610e+000  3.5263453e+000  4.9041910e+000  3.0529071e+000  3.8310145e+000  2.4959856e+000  3.7439042e+000
  2.0000000e+000  2.2341014e+000  2.0473573e+000  2.7328294e+000  3.4447831e+000  2.0298729e+000  3.6600458e+000  3.3503576e+000  3.1810638e+000  2.8069474e+000  1.9974399e+000
  2.0000000e+000  2.1279509e+000  1.4098262e+000  2.9440960e+000  3.1991808e+000  2.0030631e+000  2.4065767e+000  2.4977614e+000  2.7818317e+000  3.8749464e+000  3.4570399e+000
  2.0000000e+000  2.5968243e+000  2.3434813e+000  4.0420103e+000  3.4747965e+000  1.5130694e+000  4.0107417e+000  4.2990212e+000  3.5080508e+000  2.8644127e+000  7.3331574e-001
  1.0000000e+000  1.6397500e+000  2.3449459e+000  3.4882841e+000  4.2665321e+000  2.2346569e+000  2.6038318e+000  3.6011895e+000  3.5692949e+000  3.7777810e+000  3.1221473e+000
  2.0000000e+000  2.0474278e+000  1.6396409e+000  1.1141004e+000  3.4653081e+000  2.9346012e+000  3.2111363e+000  7.2776909e-001  1.6119846e+000  2.1107647e+000  3.6291546e+000
  1.0000000e+000  1.4211735e+000  3.3298020e+000  1.9486087e+000  3.3673585e+000  2.7785120e+000  1.9750677e+000  2.6086625e+000  4.1601411e+000  3.9696652e+000  3.7991154e+000
  2.0000000e+000  3.2853186e+000  2.6213797e+000  4.3928794e+000  4.9426067e+000  2.6437836e+000  2.9009534e+000  2.8972489e+000  3.9980272e+000  3.3131584e+000  1.2028404e+000
  2.0000000e+000  3.2811333e+000  3.8643347e+000  1.3747258e-001  3.9434561e+000  3.6351759e+000  1.2292390e+000  1.6006101e+000  3.5405437e+000  2.9273484e+000  2.7670808e+000
  2.0000000e+000  3.6938170e+000  1.8346757e+000  6.2477386e+000  2.7397056e+000  2.9231209e+000  2.6564616e+000  4.2240980e+000  1.7634977e+000  3.1234727e+000  2.6774826e+000
  2.0000000e+000  2.6643093e+000  2.0246816e+000  2.7635773e+000  2.0100639e+000  3.3430214e+000  3.9687769e+000  4.3084145e+000  3.8182740e+000  2.8360580e+000  2.7812633e+000
  2.0000000e+000  2.6577046e+000  2.3319445e+000  3.4572693e+000  3.4599485e+000  2.8867501e+000  3.5338702e+000  3.1438810e+000  3.8786494e+000  3.1706581e+000  1.7462120e+000
  1.0000000e+000  1.8880335e+000  3.3635113e+000  2.7124984e+000  1.4511029e+000  2.5550654e+000  2.9785582e+000  2.9606006e+000  3.7247906e+000  2.6500809e+000  3.3448316e+000
  2.0000000e+000  4.6299910e+000  1.9285275e+000  4.4061826e+000  3.8604511e+000  4.5455846e+000  4.9354601e+000  3.0288156e+000  3.7079029e+000  4.7667604e+000  3.1676607e+000
  2.0000000e+000  3.0612134e+000  3.9709013e+000  4.1796119e+000  2.1294505e+000  2.3545812e+000  3.9533176e+000  3.5280722e+000  5.4590272e+000  3.3182278e+000  1.7478820e+000
  2.0000000e+000  2.4493431e+000  2.9974248e+000  3.3412328e+000  3.3625092e+000  2.8958310e+000  1.3854920e+000  2.2021806e+000  4.3499659e+000  2.9569215e+000  2.9639947e+000
  1.0000000e+000  1.7762910e+000  2.0661273e+000  4.3334628e+000  4.1436114e+000  1.2157731e+000  2.8904455e+000  1.9014009e+000  2.4614040e+000  2.7463910e+000  3.3009452e+000
  2.0000000e+000  1.9157443e+000  3.9858469e+000  2.8812539e+000  3.5397259e+000  2.3467736e+000  2.0190180e+000  2.0581355e+000  2.1684594e+000  2.9572227e+000  3.3024698e+000
  2.0000000e+000  3.6606483e+000  1.4882368e+000  1.6317016e+000  2.2678860e+000  4.7508629e+000  2.6056131e+000  3.1753051e+000  2.6832121e+000  3.0253225e+000  4.2081567e+000
  2.0000000e+000  1.5452663e+000  1.5342219e+000  3.8786780e+000  3.8153308e+000  4.7061990e+000  2.5036818e+000  3.3926646e+000  3.2793356e+000  2.6297976e+000  3.3368085e+000
  2.0000000e+000  3.0642463e+000  2.7363667e+000  3.7010505e+000  2.6136193e+000  2.9496907e+000  2.8258934e+000  1.5334212e+000  3.6812845e+000  9.9520081e-001  2.9972484e+000
  1.0000000e+000  4.0149368e+000  3.6643387e+000  2.6805770e+000  3.0641903e+000  2.7641399e+000  1.7701285e+000  3.2241332e+000  4.2887232e+000  3.2424070e+000  3.3410433e+000
  2.0000000e+000  2.3678810e+000  4.6085645e+000  3.3920963e+000  2.4235240e+000  4.1708979e+000  4.2759497e+000  5.5835943e+000  2.1523703e+000  3.9145438e+000  2.3292375e+000
  2.0000000e+000  3.4673438e+000  2.9527450e-001  3.0426848e+000  1.9694924e+000  2.7917712e+000  1.3744269e+000  2.5310151e+000  3.0795119e+000  1.1260872e+000  3.0280294e+000
  2.0000000e+000  2.8944219e+000  1.8235632e+000  4.5693218e+000  2.4972255e+000  2.3308471e+000  1.7905267e+000  3.0251288e+000  2.9620433e+000  3.2581842e+000  3.5650614e+000
  1.0000000e+000  3.3392391e+000  3.5400108e+000  2.8977345e+000  4.0297244e+000  3.6705299e+000  2.8258128e+000  2.8267391e+000  2.9956053e+000  2.8911243e+000  3.5126686e+000
  1.0000000e+000  2.5640618e+000  2.5915813e+000  2.5707151e+000  2.4002935e+000  2.0984264e+000  1.7295479e+000  3.3747385e+000  2.3088411e+000  3.0531689e+000  3.2590796e+000
  1.0000000e+000  2.5798056e+000  3.1078530e+000  3.2840379e+000  1.8742942e+000  2.2852713e+000  2.9249693e+000  2.9591696e+000  9.4441174e-001  1.4491534e+000  3.8093038e+000
  2.0000000e+000  3.5301752e+000  4.2190358e+000  3.5881529e+000  3.2555561e+000  3.8988859e+000  3.2735181e+000  3.7967244e+000  4.8610556e+000  5.2802520e+000  3.1846338e+000
  2.0000000e+000  1.7546310e+000  2.3211380e+000  1.1883762e+000  3.3588533e+000  4.3547532e+000  2.9036838e+000  2.4606146e+000  4.8157076e+000  3.3752052e+000  2.8766990e+000
  1.0000000e+000  3.3921914e+000  2.4045623e+000  1.6024911e+000  2.4566287e+000  4.4938625e+000  1.9723033e+000  3.8133291e+000  2.9540990e+000  1.2729436e+000  3.0719102e+000
  1.0000000e+000  2.4327549e+000  3.1323261e+000  1.4615989e+000  1.4334611e+000  7.4229756e-001  3.6857094e+000  2.6371889e+000  4.2103824e+000  2.0779012e+000  3.1614401e+000
  2.0000000e+000  3.4901113e+000  6.0092646e-001  2.1191629e+000  1.3342416e+000  4.8369634e+000  2.7201957e+000  3.6298786e+000  3.7085790e+000  1.5892583e+000  3.3056053e+000
  2.0000000e+000  2.2518171e+000  2.0276685e+000  2.9573908e+000  1.8858254e+000  2.9656044e+000  2.2493342e+000  9.4806207e-001  1.7484922e+000  2.3073690e+000  1.9258770e+000
  2.0000000e+000  3.6630732e+000  2.1542061e+000  2.4641672e+000  2.4577572e+000  2.9603920e+000  3.0963452e+000  3.8831719e+000  3.8234760e+000  4.9228864e+000  2.7667933e+000
  2.0000000e+000  4.2664794e+000  2.5301185e+000  1.6155437e+000  3.8347768e+000  4.8259836e+000  2.6184530e+000  2.8148749e+000  5.3645927e+000  2.6763787e+000  4.4902126e+000
  2.0000000e+000  3.4126777e+000  8.0648291e-001  4.7054606e+000  3.5811089e+000  2.5419004e+000  2.9463715e+000  3.2217115e+000  4.7022883e+000  3.0319549e+000  3.2433965e+000
  2.0000000e+000  4.2759425e+000  3.0838205e+000  3.7399930e+000  1.7792939e+000  2.5939665e+000  2.9126904e+000  2.8836584e+000  3.0952357e+000  1.7915291e+000  2.7562319e+000
  2.0000000e+000  1.2657490e+000  2.1328427e+000  2.1694081e+000  4.7281370e+000  4.2446491e+000  4.3050688e+000  4.3790050e+000  5.2251940e+000  3.1607383e+000  3.9216033e+000
  2.0000000e+000  4.4850014e+000  3.5301276e+000  3.3751595e+000  1.4919402e+000  3.7776963e+000  3.7881430e+000  1.1174622e+000  1.3665357e+000  1.6182240e+000  2.9899558e+000
  2.0000000e+000  1.6994173e+000  4.4786878e+000  1.1479849e+000  2.7526375e+000  2.3803053e+000  1.7501050e+000  3.1570992e+000  1.9101158e+000  3.1206313e+000  2.7868277e+000
  1.0000000e+000  2.9934120e+000  2.7932295e+000  3.9924156e+000  1.9924934e+000  3.9110307e+000  4.3075783e+000  5.0611096e+000  2.4439101e+000  5.3130659e+000  3.4044607e+000
  2.0000000e+000  2.6801782e+000  3.9239662e+000  3.2333176e+000  3.8986740e+000  1.3367363e+000  1.9485266e+000  1.7792266e+000  3.3222348e+000  2.6410393e+000  5.1467727e+000
  2.0000000e+000  1.9796601e+000  1.9204500e+000  2.2518601e+000  2.4863559e+000  2.9253645e+000  3.4305997e+000  4.7844453e+000  2.1133240e+000  2.8545924e+000  1.5599805e+000
  2.0000000e+000  3.2510582e+000  3.9660142e+000  7.9685283e-001  3.1815051e+000  3.6268186e+000  2.6987878e+000  1.1474782e+000  5.2150454e+000  2.1651773e+000  1.4882024e+000
  2.0000000e+000  1.3874780e+000  3.4594164e+000  2.4611204e+000  3.5277345e+000  1.8336424e+000  3.3299272e+000  2.1144655e+000  3.8987650e+000  3.8896234e+000  3.9963813e+000
  2.0000000e+000  3.2029833e+000  4.8298339e+000  3.8545959e+000  4.2646341e+000  4.9616472e+000  2.6110364e+000  4.9755573e+000  2.6846603e+000  3.2323496e+000  1.7258852e+000
  2.0000000e+000  4.0321068e+000  3.4910669e+000  3.4683719e+000  2.7854629e+000  2.7386728e+000  3.6220504e+000  3.2859896e+000  1.7033407e+000  3.3136458e+000  1.2125845e+000
  2.0000000e+000  1.5194304e+000  1.8917212e+000  2.5475465e+000  2.6503368e+000  3.9209599e+000  2.2739182e+000  2.4354411e+000  2.2495195e+000  2.4016403e+000  3.2363360e+000
  1.0000000e+000  2.0014546e+000  2.6819481e+000  3.4661288e+000  4.0305781e+000  4.3035372e+000  3.4531357e+000  3.2359046e+000  2.8843384e+000  1.5104116e+000  3.8736038e+000
  2.0000000e+000  3.1111432e+000  2.3491187e+000  4.4498029e+000  3.0548932e+000  2.4390439e+000  2.9352221e+000  4.8280635e+000  3.8911068e+000  2.7930049e+000  2.7870857e+000
  2.0000000e+000  3.6555060e+000  2.1560794e+000  1.8772049e+000  3.7944994e+000  1.7840888e+000  3.7011949e+000  2.8011535e+000  4.7093484e+000  3.8304933e+000  1.6561587e+000
  2.0000000e+000  2.2611674e+000  3.2288312e+000  2.6287341e+000  2.8934512e+000  2.9768634e+000  8.3461190e-001  2.7353462e+000  3.3327926e+000  5.3566730e+000  2.8817401e+000
  2.0000000e+000  2.9001113e+000  5.1022897e+000  3.8316087e+000  1.6161985e+000  3.0305005e+000  3.7568208e+000  1.9478834e+000  1.8121704e+000  2.2338589e+000  2.8328027e+000
  1.0000000e+000  2.2618650e+000  3.2228117e+000  3.5880028e+000  2.4092929e+000  2.1376091e+000  3.5209788e+000  2.5439965e+000  2.7977923e+000  3.9444113e+000  3.8571446e+000
  2.0000000e+000  1.7496397e+000  4.1737304e+000  1.4464298e+000  3.9149503e+000  2.6888267e+000  2.0894670e+000  3.1868101e+000  1.5222539e+000  2.7808827e+000  2.5235937e+000
  1.0000000e+000  2.2817664e+000  3.0934524e+000  2.3711469e+000  3.9886286e+000  3.5186979e+000  2.3347186e+000  1.5758134e+000  3.5139198e+000  3.6109945e+000  3.3246605e+000
  1.0000000e+000  2.5066850e+000  2.7926090e+000  3.3719025e+000  4.6513917e+000  2.3729674e+000  1.7314651e+000  3.4510409e+000  3.0188933e+000  3.4429307e+000  3.2103688e+000
  2.0000000e+000  3.3656157e+000  3.9492192e+000  4.7713789e+000  3.2089132e+000  2.6777982e+000  2.9798786e+000  4.3296029e+000  1.6210094e+000  2.4408701e+000  5.4930126e+000
  2.0000000e+000  3.1140142e+000  1.7352932e+000  2.6397464e+000  3.7812424e+000  2.9051943e+000  2.7608549e+000  3.4484568e+000  2.5837622e+000  1.9631456e+000  2.1119569e+000
  2.0000000e+000  3.1134895e+000  3.7642595e+000  2.9024344e+000  3.2900770e+000  3.7023432e+000  3.1426033e+000  3.4545584e+000  3.7206460e+000  3.3968971e+000  2.4879502e+000
  2.0000000e+000  4.3284948e+000  4.3196261e+000  4.2231472e+000  2.2433814e+000  2.3191099e+000  1.8958833e+000  3.4466305e+000  4.7685757e+000  1.7431021e+000  4.3893658e+000
  2.0000000e+000  1.8304838e+000  4.8463154e+000  3.8355205e+000  8.5743336e-001  1.9342334e+000  3.2469497e+000  2.5975654e+000  2.2578363e+000  2.1446981e+000  2.8087045e+000
  2.0000000e+000  2.7502789e+000  2.7527112e+000  3.7373073e+000  1.8416995e+000  3.8094532e+000  3.7023674e+000  1.5555012e+000  6.1354296e-001  3.5732021e+000  4.4182049e+000
  2.0000000e+000  2.8148976e+000  9.8630409e-001  4.0157887e+000  4.5988778e+000  2.5553289e+000  3.0875806e+000  2.3864642e+000  4.0480555e+000  5.0526274e+000  2.9778744e+000
  2.0000000e+000  2.1224545e+000  3.3248123e+000  2.7564186e+000  2.6995416e+000  4.9661190e+000  3.5065418e+000  3.5166858e+000  3.0043205e+000  5.7409472e+000  2.0722900e+000
