  2.0000000e+000  1.7936527e+000  1.5050128e+000  4.4879287e+000  2.6993597e+000  1.1644385e+000  2.6616647e+000  1.7061045e+000  1.4241707e+000  4.3792756e+000  2.3546306e+000
  2.0000000e+000  3.5339222e+000  5.0261721e+000  3.5536808e+000  4.0684517e+000  1.4096622e+000  3.2967548e+000  3.3711654e+000  2.1432949e+000  3.9629932e+000  2.2162456e+000
  2.0000000e+000  2.4249074e+000  1.4573128e+000  2.0294220e+000  3.2062893e+000  9.5861545e-001  3.0700210e+000  4.1012159e+000  1.8984670e+000  2.7129527e+000  2.9307851e+000
  2.0000000e+000  2.7454554e+000  3.8510630e+000  2.0104220e+000  1.0562624e+000  4.7631936e-001  4.2374650e+000  3.8154222e+000  1.2403911e+000  2.2723657e+000  3.3502039e+000
  2.0000000e+000  2.9584763e+000  3.4377020e+000  4.0635095e+000  2.8264287e+000  4.0597897e+000  3.9163447e+000  5.2864441e+000  2.0071633e+000  1.6848104e+000  2.0516065e+000
  2.0000000e+000  4.4248242e+000  3.2083790e+000  3.0995356e+000  2.3716280e+000  2.4352301e+000  2.3830797e+000  3.3083296e+000  3.6592053e+000  2.9748789e+000  3.3251953e+000
  2.0000000e+000  2.6574878e+000  2.1581711e+000  4.7338359e+000  3.1619018e+000  2.5260769e+000  3.4100267e+000  2.2031346e+000  4.2828756e+000  2.1829125e+000  2.6961557e+000
  2.0000000e+000  2.9349404e+000  2.3610076e+000  2.1273934e+000  3.0458717e+000  3.6741204e+000  2.9978703e+000  4.3273154e+000  3.8612833e+000  2.2484592e+000  2.2867054e+000
  2.0000000e+000  4.1002221e+000  2.7181880e+000  5.4137128e+000  5.1048337e+000  3.7278773e+000  3.7690247e+000  3.6348447e+000  2.5756472e+000  2.0594077e+000  3.5605944e+000
  2.0000000e+000  4.6544672e+000  4.5176107e+000  2.4761814e+000  2.6066565e+000  4.1200818e+000  1.8782022e+000  3.5828344e+000  2.7599328e+000  3.2964676e+000  3.5367125e+000
  2.0000000e+000  1.9597694e+000  6.0976987e+000  2.2026267e+000  1.2883557e+000  4.0755388e+000  1.8361838e+000  1.8883919e+000  7.1048930e-001  1.6825891e+000  2.3303165e+000
  2.0000000e+000  3.6952177e+000  2.0700085e+000  3.6488781e+000  2.4357008e+000  2.8623603e+000  1.5411653e+000  5.4198068e+000  2.3735204e+000  3.2064022e+000  3.1874070e+000
  2.0000000e+000  1.8039774e+000  3.9154878e+000  2.5841982e+000  3.8417314e+000  2.4326680e+000  2.4390287e+000  3.4070270e+000  6.2620900e+000  1.8261784e+000  2.6381829e+000
  2.0000000e+000  3.4026203e+000  4.0281511e+000  3.3380307e+000  1.8449558e+000  3.4944003e+000  2.8496672e+000  1.5361776e+000  2.1722597e+000  3.0450058e+000  9.5366102e-001
  1.0000000e+000  3.6382748e+000  3.1857421e+000  2.2026180e+000  2.8427375e+000  3.1494033e+000  2.3173008e+000  4.2798928e+000  3.5187965e+000  2.2562043e+000  3.7877293e+000
  2.0000000e+000  3.6905492e+000  3.7320863e+000  2.2880704e+000  2.4026324e+000  5.0514292e+000  3.0778786e+000  3.8548307e+000  3.6528348e+000  5.3639073e+000  3.1413073e+000
  2.0000000e+000  2.4360367e+000  4.8986024e+000  1.4928255e+000  2.5494817e+000  2.8186609e+000  2.5999284e+000  3.8373352e+000  5.2383833e+000  4.1599258e+000  2.6772638e+000
  2.0000000e+000  1.4767976e+000  1.2334513e+000  4.0056069e+000  4.1764129e+000  2.5397369e+000  2.4307371e+000  2.8054096e+000  3.0152334e+000  3.5341192e+000  2.7921249e+000
  2.0000000e+000  2.8187242e+000  1.8646352e+000  3.5137518e+000  2.0305496e+000  3.5202239e+000  2.4872303e+000  3.7821510e+000  3.8830551e+000  1.8314578e+000  3.1715430e+000
  2.0000000e+000  2.5681106e+000  2.8524554e+000  2.5317277e+000  2.3607731e+000  3.9806161e+000  2.7858400e+000  1.3495848e+000  3.0184004e+000  4.5358114e+000  3.3253852e+000
  2.0000000e+000  1.9769953e+000  1.8891886e+000  2.4317098e+000  2.1845274e+000  3.7605790e+000  3.1992610e+000  3.9427438e+000  3.8799158e+000  1.8298525e+000  2.8638882e+000
  2.0000000e+000  2.6301166e+000  2.7971264e+000  3.3212583e+000  1.6084157e+000  2.7402830e+000  3.2632168e+000  3.3005474e+000  2.8211037e+000  2.5965853e+000  4.4980662e+000
  2.0000000e+000  2.8728197e+000  3.0253548e+000  3.6993600e+000  4.6882549e+000  1.5542691e+000  4.8563911e+000  2.2136888e+000  3.9690397e+000  1.9116813e+000  3.0507951e+000
  2.0000000e+000  2.1643176e+000  1.4791642e+000  2.4740435e+000  2.6229436e+000  3.0998249e+000  1.6448096e+000  3.5606994e+000  2.6182217e+000  3.0043911e+000  1.6872918e+000
  2.0000000e+000  2.5888147e+000  3.6686532e+000  4.3419253e+000  4.1330686e+000  1.5501232e+000  4.7625964e+000  5.3306752e+000  1.7790924e+000  1.8457327e+000  2.2124748e+000
  1.0000000e+000  3.2254500e+000  3.4030576e+000  1.2750617e+000  2.7402303e+000  3.1579666e+000  3.0088853e+000  3.4638868e+000  2.1831441e+000  3.5038435e+000  3.7124352e+000
  2.0000000e+000  2.1428009e+000  2.9230602e+000  5.1831585e+000  3.2514753e+000  2.2917090e+000  1.2853981e+000  3.1676106e+000  2.5751138e+000  3.7340463e+000  2.6293134e+000
  2.0000000e+000  4.1488522e+000  2.3148598e+000  2.3830869e+000  4.2218225e+000  2.0005580e+000  4.2542202e+000  2.6149387e+000  2.0635023e+000  1.7414085e+000  1.8422941e+000
  2.0000000e+000  2.3167310e+000  2.9700177e+000  3.2232976e+000  3.8706057e+000  1.5020134e+000  3.6128684e+000  3.5063565e+000  4.4284161e+000  2.2170735e+000  3.1316225e+000
  1.0000000e+000  3.2307894e+000  3.8359401e+000  3.7607499e+000  1.5265066e+000  4.1548296e+000  2.1289419e+000  3.0199839e+000  2.7061353e+000  3.8647420e+000  4.2292893e+000
  1.0000000e+000  3.1012457e+000  2.4500684e+000  4.2994635e+000  3.3181760e+000  5.9373854e+000  2.9632451e+000  3.4448067e+000  1.9539427e+000  2.5444424e+000  3.1529103e+000
  2.0000000e+000  2.9607631e+000  1.1227235e+000  2.8692161e+000  4.4519206e+000  4.0626965e+000  2.2544004e+000  4.7509188e+000  3.7976957e+000  4.2276969e+000  3.2223371e+000
  2.0000000e+000  3.2997646e+000  1.1717247e+000  3.5071976e+000  3.9848757e+000  1.8811552e+000  3.4048832e+000  3.8181822e+000  3.8658414e+000  2.4746478e+000  3.6364453e+000
  2.0000000e+000  2.8539342e+000  2.7162852e+000  3.5858569e+000  2.9455224e+000  1.1213998e+000  4.0159753e+000  3.9889411e+000  1.6021058e+000  3.4972362e+000  3.0707831e+000
  2.0000000e+000  1.7818249e+000  2.7824197e+000  3.5070381e+000  3.9882352e+000  2.5206880e+000  2.8147867e+000  4.3622717e+000  3.2722700e+000  2.3857322e+000  2.7748789e+000
  2.0000000e+000  4.5389890e+000  2.6761457e+000  2.3521740e+000  2.8093748e+000  2.2590763e+000  2.1356005e+000  2.6382581e+000  2.6397811e+000  3.9987477e+000  6.6210983e-001
  2.0000000e+000  3.6448449e+000  2.8901026e+000  3.6010284e+000  3.6276498e+000  3.2229064e+000  3.8816767e+000  2.6740610e+000  1.3596068e+000  3.9095925e+000  5.8179176e+000
  2.0000000e+000  3.0258744e+000  4.6327748e+000  3.8217014e+000  2.1946119e+000  3.1261023e+000  1.8988579e+000  3.5093225e+000  2.2213860e+000  3.9816900e+000  1.9418201e+000
  2.0000000e+000  2.0671089e+000  4.2612200e+000  3.5039472e+000  2.8924545e+000  4.0401958e+000  3.0581161e+000  3.0581225e+000  4.1120736e+000  9.3424770e-001  3.5119109e+000
  2.0000000e+000  3.4961472e+000  5.0350541e+000  1.5884624e+000  2.4634102e+000  2.3353366e+000  5.5418208e+000  1.9118260e+000  1.8453457e+000  4.3330583e+000  1.7910191e+000
  1.0000000e+000  3.8534309e+000  2.8502144e+000  2.7273066e+000  3.2850281e+000  4.0686437e+000  4.3026801e+000  3.0716942e+000  2.4018923e+000  3.1183501e+000  2.5926435e+000
  2.0000000e+000  1.9003284e+000  3.5314037e+000  5.7439142e+000  1.8921385e+000  3.7625471e+000  2.2697990e+000  1.1303196e+000  3.1526729e+000  4.8504309e+000  2.9417356e+000
  2.0000000e+000  2.7674239e+000  3.4465846e+000  2.1896555e+000  1.9407847e+000  1.9557629e+000  3.8404802e+000  3.9983290e+000  2.8341095e+000  1.4698511e+000  2.6829558e+000
  2.0000000e+000  1.9042539e+000  3.5403482e+000  2.9355094e+000  1.7089627e+000  2.5405603e+000  3.6343216e+000  4.0353494e+000  3.5572596e+000  2.1570472e+000  2.5897319e+000
  2.0000000e+000  1.7781168e+000  3.2641025e+000  2.1877069e+000  3.3855459e+000  3.9680162e+000  3.5005952e+000  2.8019238e+000  3.6093958e+000  5.4654139e+000  1.4364617e+000
  2.0000000e+000  4.0421122e+000  1.9352033e+000  5.1569416e+000  3.3720942e+000  2.0446306e+000  1.3343329e+000  2.2361013e+000  3.8569495e+000  3.0669741e+000  4.1906546e+000
  2.0000000e+000  3.2237578e+000  4.4253908e+000  2.5446618e+000  3.0238929e+000  2.9388000e+000  5.5035923e+000  2.6240422e+000  4.3376095e+000  2.7990170e+000  3.0813364e+000
  2.0000000e+000  3.2946171e+000  4.0775385e+000  2.9340309e+000  2.4017009e+000  3.3368152e+000  3.7763202e+000  2.8229230e+000  4.3362126e+000  1.0399134e+000  2.5399552e+000
  2.0000000e+000  2.1990977e+000  1.9474079e+000  4.1704396e+000  2.1015214e+000  1.6339801e+000  3.2486765e-001  3.5328562e+000  3.6666253e+000  3.2044565e+000  3.0893422e+000
  2.0000000e+000  3.6417462e+000  1.4802324e+000  2.8439604e+000  3.2681276e+000  2.9162911e+000  1.6869236e+000  1.4411790e+000  3.2703130e+000  4.5440996e+000  3.7896522e+000
  1.0000000e+000  3.0020604e+000  2.5985468e+000  2.6953125e+000  2.4918258e+000  2.6910592e+000  2.6236462e+000  3.4734706e+000  3.3317636e+000  2.7440420e+000  3.5998986e+000
  2.0000000e+000  4.7013511e+000  2.1854998e+000  2.6766622e+000  2.5974019e+000  4.3461720e+000  2.4861866e+000  4.1257142e+000  1.5090142e+000  3.8426895e+000  2.4285319e+000
  1.0000000e+000  3.5783250e+000  2.7375544e+000  5.6655343e+000  3.1523053e+000  2.1449304e+000  3.5786367e+000  7.5089013e-001  1.9145479e+000  2.2551986e+000  4.1523390e+000
  2.0000000e+000  2.6996034e+000  1.5535462e+000  3.6651105e+000  3.4969386e+000  2.6850940e+000  3.4557690e+000  3.4333058e+000  3.2585105e+000  2.7797645e+000  3.7721936e+000
  2.0000000e+000  3.2524952e+000  1.7802800e+000  4.8150883e+000  5.5281025e+000  4.4505054e+000  3.8158479e+000  3.7919079e+000  2.9918923e+000  4.4213066e+000  1.0765205e+000
  2.0000000e+000  2.8261679e+000  2.1259919e+000  2.6490188e+000  1.5889241e+000  3.5537673e+000  3.5016158e+000  5.3175330e+000  2.5124404e+000  1.0130711e+000  1.5785530e+000
  2.0000000e+000  2.9241321e+000  4.0228510e+000  3.6835138e+000  1.9089289e+000  1.9552208e+000  3.2388184e+000  2.5009466e+000  3.1485783e+000  3.9497979e+000  3.0984244e+000
  2.0000000e+000  1.9063301e+000  2.8380710e+000  3.7347107e+000  3.1969766e+000  2.9529162e+000  4.3074090e+000  3.1494225e+000  2.4229633e+000  3.7867620e+000  3.8257675e+000
  1.0000000e+000  3.1729486e+000  2.1323710e+000  1.3452813e+000  3.2511900e+000  3.8638990e+000  3.0568377e+000  3.4283451e+000  2.1434559e+000  2.9385058e+000  2.9553191e+000
  2.0000000e+000  1.3951826e+000  2.4813019e+000  3.5913252e+000  3.7089001e+000  2.3350303e+000  3.3422299e+000  2.5010171e+000  3.9972635e+000  2.7300963e+000  2.4369429e+000
  2.0000000e+000  3.4381329e+000  4.4364400e+000  4.2028744e+000  2.9558175e+000  3.0346472e+000  2.3163354e+000  2.3429337e+000  2.8323473e+000  2.6839613e+000  3.7860867e+000
  1.0000000e+000  3.2128063e+000  3.8683052e+000  3.2904820e+000  2.1242200e+000  1.9599616e+000  1.1901987e+000  3.3273122e+000  2.2005978e+000  7.3941995e-001  3.4570361e+000
  2.0000000e+000  2.5299430e+000  3.1470665e+000  4.4537263e+000  2.7880390e+000  2.6274862e+000  3.9466243e+000  1.3328393e+000  2.9028201e+000  2.6274859e+000  3.2094252e+000
  1.0000000e+000  3.6895658e+000  3.0554573e+000  3.4875313e+000  2.5294515e+000  2.6000785e+000  2.9601707e+000  2.4085262e+000  1.7133065e+000  1.9194377e+000  3.1932591e+000
  2.0000000e+000  1.9209392e+000  3.9575080e+000  2.4206955e+000  2.5009908e+000  1.8671766e+000  3.4503980e+000  2.7831417e+000  2.2217846e+000  3.6645965e+000  3.4864392e+000
  1.0000000e+000  3.7194138e+000  2.8888221e+000  2.9336326e+000  3.8734285e+000  3.6718081e+000  3.2621323e+000  4.5717744e+000  4.0678348e+000  4.4801667e+000  3.6592402e+000
  2.0000000e+000  1.6265986e+000  1.1640018e+000  2.9650346e+000  9.0787240e-001  2.5661855e+000  1.5471821e+000  2.4363323e+000  3.6788422e+000  2.2846423e+000  4.1168826e+000
  1.0000000e+000  3.3032292e+000  3.9477461e+000  4.7615517e+000  4.6169297e+000  3.1292264e+000  3.8963206e+000  4.1962952e+000  3.3539708e+000  6.1981952e+000  2.8173544e+000
  2.0000000e+000  3.2707881e+000  2.1871474e+000  4.4656694e+000  2.6852363e+000  2.4885242e+000  2.7428199e+000  3.1832114e+000  4.2266544e+000  4.0314435e+000  5.3002706e+000
  1.0000000e+000  3.8153932e+000  3.2823724e+000  3.2166458e+000  2.8462126e+000  3.5100505e+000  1.8854506e+000  2.5078546e+000  2.7989397e+000  4.3751885e+000  3.2830555e+000
  2.0000000e+000  4.3302621e+000  5.1955368e+000  3.8805711e+000  3.3518204e+000  4.5213771e+000  2.2275766e+000  2.1171652e+000  2.2819752e+000  2.9027224e+000  1.2215381e+000
  2.0000000e+000  3.1967435e+000  4.0177814e+000  6.9061700e-001  9.0017523e-001  7.2514645e-001  2.0289127e+000  3.9414515e+000  2.3315964e+000  2.3735846e+000  2.1149838e+000
  1.0000000e+000  3.3947287e+000  3.2337870e+000  4.2463994e+000  1.5370687e-001  4.5700046e+000  2.9480117e+000  4.0972023e+000  3.2948966e+000  2.3210540e+000  2.6272764e+000
  2.0000000e+000  2.4031217e+000  6.6534071e-001  2.3549753e+000  3.6344515e+000  1.5464701e+000  2.9112296e+000  2.6467654e+000  2.4837753e+000  3.0371308e+000  3.1167852e+000
  2.0000000e+000  1.9957591e+000  2.1252919e+000  2.9883330e+000  2.3686437e+000  2.6548339e+000  2.1875773e+000  3.9239440e+000  2.1867614e+000  3.3251213e+000  3.1595986e+000
  2.0000000e+000  2.8510314e+000  3.5158745e+000  2.8315159e+000  2.3093639e+000  2.8393136e+000  1.6959694e+000  3.6508584e+000  3.1080356e+000  2.9073690e+000  3.4115199e+000
  2.0000000e+000  2.3265620e+000  4.7424970e+000  5.2100328e-001  2.8503756e+000  2.9940054e+000  2.5341366e+000  4.8956154e+000  4.2106213e+000  3.3241666e+000  3.8150459e+000
  2.0000000e+000  4.9024546e+000  1.9006973e+000  1.3158513e+000  1.6334802e+000  3.9647689e+000  3.7382857e+000  2.9988180e+000  3.3231785e+000  3.3684791e+000  2.7505046e+000
  2.0000000e+000  3.3473314e-001  3.0887881e+000  3.5603928e+000  3.3729316e+000  3.3730770e+000  1.5251367e+000  2.6397764e+000  2.6533391e+000  9.7992220e-001  2.3209722e+000
  1.0000000e+000  3.2493375e+000  3.1768073e+000  2.0490621e+000  1.7379352e+000  4.4408224e+000  3.6771136e+000  3.1870100e+000  2.1203092e+000  2.3358920e+000  1.9422808e+000
  2.0000000e+000  3.8742309e+000  4.5248993e+000  3.6392438e+000  2.3028781e+000  3.4527005e+000  3.0555811e+000  3.8074619e+000  3.0860273e+000  2.2499588e+000  4.5413436e+000
  1.0000000e+000  3.4045817e+000  3.5662557e+000  3.0858983e+000  3.5920091e+000  3.3376792e+000  1.5358975e+000  3.7937044e+000  1.4423261e+000  1.4932101e+000  3.9426228e+000
  2.0000000e+000  4.0418545e+000  2.5742259e+000  4.1700464e+000  2.9847195e+000  2.8560807e+000  3.9448779e+000  2.9916541e+000  9.9089281e-001  1.1819944e+000  2.7625050e+000
  2.0000000e+000  2.8806690e+000  2.3005016e+000  3.4940142e+000  1.9005186e+000  2.2947738e+000  3.7995055e+000  1.8895386e+000  9.4046697e-001  3.4303776e+000  2.6507486e+000
  2.0000000e+000  1.2327004e+000  2.7318750e+000  3.4180392e+000  3.2668245e+000  2.2818149e+000  2.8255185e+000  1.9519924e+000  3.2832772e+000  2.4022792e+000  2.4031261e+000
  2.0000000e+000  2.8192367e+000  3.0953899e+000  3.7636024e+000  3.5488103e+000  2.2128374e+000  3.9683477e+000  3.0466331e+000  3.5202428e+000  2.8302728e+000  2.8989113e+000
  2.0000000e+000  3.7658097e+000  2.3502365e+000  3.8628322e+000  2.4799566e+000  3.6353347e+000  2.5193160e+000  2.5145946e+000  2.6736982e+000  4.1421532e+000  1.9868453e+000
  2.0000000e+000  1.0831667e+000  1.9064982e+000  2.2332495e+000  4.2927487e+000  3.5783109e+000  5.0683130e+000  1.8126642e+000  2.9837742e+000  2.8196147e+000  2.3173743e+000
  1.0000000e+000  3.7707354e+000  3.2604985e+000  1.3232984e+000  3.0791104e+000  2.9300404e+000  2.9721651e+000  2.9737914e+000  1.5327234e+000  4.7539551e+000  2.6508560e+000
  2.0000000e+000  3.7027570e+000  4.1268431e+000  2.5863345e+000  4.0316951e+000  3.7014034e+000  3.1517477e+000  2.9214615e+000  3.6848206e+000  3.4021393e+000  1.7495522e+000
  2.0000000e+000  5.0900436e+000  2.9393481e+000  4.3054860e+000  1.9502055e+000  9.5022289e-001  4.6852092e+000  2.4033134e+000  4.2627355e+000  2.7684920e+000  2.6087518e+000
  2.0000000e+000  2.6372615e+000  2.9558743e+000  1.6051851e+000  3.8707543e+000  3.4225426e+000  2.1070592e+000  3.1718358e+000  3.1985966e+000  2.9175322e+000  4.2734072e+000
  2.0000000e+000  2.8486650e+000  2.7201375e+000  2.8024484e+000  3.1082632e+000  3.5750180e+000  4.1435362e+000  7.4649841e-001  1.2625134e+000  3.8177373e+000  1.5818711e+000
  2.0000000e+000  3.1141428e+000  4.2929813e+000  3.2722140e+000  2.6135736e+000  3.5553542e+000  3.4297159e+000  3.6429002e+000  9.5451243e-001  3.6486467e+000  3.4595219e+000
  2.0000000e+000  2.8524948e+000  1.3262024e+000  1.7076317e+000  7.0881525e-001  1.8938307e+000  2.5504156e+000  2.2082954e+000  3.1001104e+000  2.2789326e+000  3.4160851e+000
  2.0000000e+000  1.3574658e+000  5.3625060e+000  3.5649722e+000  3.5438794e+000  3.2439190e+000  2.1244114e+000  4.3193474e+000  2.6254120e+000  2.9634929e+000  3.3788340e+000
  2.0000000e+000  2.9729140e+000  2.5152878e+000  1.7780667e+000  2.7983230e+000  3.7303758e+000  2.8258601e+000  4.2405668e+000  2.8518611e+000  3.7022667e+000  3.0884860e+000
  2.0000000e+000  5.3044628e-001  1.0064141e+000  2.3200905e+000  1.9289983e+000  3.3351926e+000  2.2141889e+000  4.1978680e+000  3.0640039e+000  2.0947322e+000  3.8593182e+000
  2.0000000e+000  2.4597463e+000  3.1591663e+000  1.8052169e+000  4.1337983e+000  3.8915815e+000  3.8848898e+000  3.9696126e+000  2.3988403e+000  3.8402607e+000  4.0560117e+000
  2.0000000e+000  3.5860753e+000  2.0881963e+000  2.6098872e+000  2.7377250e+000  2.9480345e+000  4.5174124e+000  1.5026309e+000  2.5844544e+000  8.4349618e-001  2.5764316e+000
