  2.0000000e+000  2.5105169e+000  3.5075331e+000  2.8692290e+000  3.2558892e+000  1.8982362e+000  3.9623457e+000  1.5689689e+000  5.1625759e+000  2.9971734e+000  9.8165173e-001
  2.0000000e+000  2.0128814e+000  3.3401959e+000  3.4487191e+000  3.8836016e+000  3.5715970e+000  4.1478261e+000  2.6179487e+000  4.5371235e+000  1.8292091e+000  3.5526052e+000
  2.0000000e+000  2.9311476e+000  2.5403494e+000  2.3693288e+000  3.1304923e+000  2.4249872e+000  8.7424911e-001  4.4556737e+000  3.1716660e+000  5.5740222e+000  1.8562486e+000
  2.0000000e+000  2.8397173e+000  3.6588485e+000  3.7064810e+000  2.9502162e+000  2.3096616e+000  5.5848135e+000  3.2319282e+000  2.5468877e+000  1.0143795e+000  3.5857675e+000
  2.0000000e+000  3.2887607e+000  4.7493771e+000  3.4706868e+000  3.1731328e+000  3.7003717e+000  1.7902289e+000  3.4567870e+000  3.2034993e+000  5.4506426e+000  3.9326341e+000
  2.0000000e+000  1.7128230e+000  3.4790047e+000  3.0211847e+000  3.3017555e+000  2.1018801e+000  3.2305810e+000  3.8623412e+000  3.4727962e+000  2.2318235e+000  3.2391662e+000
  1.0000000e+000  4.1408910e+000  4.2976932e+000  2.4892412e+000  1.9394032e+000  3.4845330e+000  2.9102997e+000  1.3180065e+000  2.7849912e+000  3.6678805e+000  2.4477506e+000
  2.0000000e+000  3.1148030e+000  4.8260521e+000  4.5784813e+000  4.7421475e+000  1.6078842e+000  3.0796763e+000  3.2106386e+000  2.6682316e+000  3.6480334e+000  2.1710237e+000
  2.0000000e+000  1.8897870e+000  1.7499643e+000  2.2030740e+000  3.2454698e+000  2.9941164e+000  3.7842912e+000  2.8534391e+000  3.2296756e+000  1.4469954e+000  3.1256504e+000
  2.0000000e+000  2.2767383e+000  3.0319793e+000  3.0102455e+000  3.8591694e+000  3.2429707e+000  4.6976347e+000  1.3586434e+000  4.7237361e+000  2.4412739e+000  2.3455958e+000
  2.0000000e+000  3.2079670e+000  3.9620230e+000  2.4450840e+000  8.5486891e-001  1.9994347e+000  4.3301000e+000  2.1315406e+000  2.8752070e+000  4.0409956e+000  3.6310026e+000
  1.0000000e+000  2.5987128e+000  4.1195276e+000  2.6102393e+000  1.1751841e+000  3.4569953e+000  2.6363670e+000  3.6710574e+000  2.8716941e+000  3.9000116e+000  2.8798730e+000
  2.0000000e+000  3.4615387e+000  3.0392744e+000  1.0921600e+000  3.8296428e+000  2.4116548e+000  8.7194783e-001  3.4474186e+000  1.9588171e+000  2.4686368e+000  3.0158802e+000
  2.0000000e+000  4.3661253e+000  2.3408215e+000  3.0696161e+000  3.1485573e+000  5.0040108e+000  3.4221920e+000  2.7822482e+000  7.2405348e-001  1.7381034e+000  2.1582571e+000
  2.0000000e+000  2.4327368e+000  2.6656548e+000  2.8899015e+000  3.0097833e+000  2.7638361e+000  1.6114130e+000  3.2648740e+000  1.5816996e+000  5.1809580e+000  2.5112817e+000
  2.0000000e+000  2.1798778e+000  4.0102443e+000  2.8753891e+000  2.9170555e+000  1.5074611e+000  3.7411635e+000  2.9918550e+000  3.2024348e+000  5.4793641e+000  4.2770260e+000
  2.0000000e+000  4.8113164e+000  2.7645183e+000  2.0170142e+000  4.1235221e+000  2.5667228e+000  3.2995442e+000  3.7287014e+000  1.1813820e+000  2.4277900e+000  2.9035123e+000
  2.0000000e+000  1.2168793e+000  3.3762815e+000  1.7902432e+000  3.3595494e+000  3.9978352e+000  2.9591357e+000  4.1036842e+000  1.5642102e+000  3.4570217e+000  3.6153824e+000
  2.0000000e+000  2.1728017e+000  1.3370480e+000  4.2458321e+000  1.5048912e+000  4.1423055e+000  2.1600088e+000  3.5328366e+000  3.3484577e+000  1.5372279e+000  2.7054605e+000
  2.0000000e+000  2.9899187e+000  3.2482551e+000  3.6635124e-001  4.8567112e+000  2.9684589e+000  1.7815101e+000  1.8587264e+000  3.0763820e+000  2.0770329e+000  3.8480955e+000
  2.0000000e+000  4.5291746e+000  1.4774299e+000  3.8665566e+000  2.0926560e+000  4.6325606e+000  4.1609380e+000  1.7907369e+000  3.8802790e+000  2.0666174e+000  4.7561033e+000
  2.0000000e+000  2.8197716e+000  3.8413315e+000  3.2190777e+000  3.2632129e+000  4.9570666e+000  4.3494940e+000  4.0462319e+000  1.2104987e+000  2.4395558e+000  3.0979070e+000
  2.0000000e+000  4.3776614e+000  3.7109977e+000  2.7105243e+000  2.9718897e+000  7.6240214e-001  1.9660490e+000  4.1839835e+000  2.3010155e+000  2.5387126e+000  3.5960019e+000
  2.0000000e+000  2.9962551e+000  1.5725418e+000  4.4023200e+000  4.3839314e+000  1.7101351e+000  3.5579375e+000  7.5133380e-001  2.2521203e+000  2.2532748e+000  2.7056547e+000
  2.0000000e+000  3.9277788e+000  1.4887281e+000  1.5100680e+000  3.8144113e+000  2.4956383e+000  3.8956036e+000  2.1934847e+000  3.6534523e+000  3.4271237e+000  3.6928188e+000
  2.0000000e+000  5.0423838e+000  2.9971784e+000  4.2710925e+000  3.7277859e+000  2.4321467e+000  1.0255737e+000  3.4879561e+000  2.4744037e+000  1.6897955e+000  3.9437120e+000
  1.0000000e+000  1.8367036e+000  1.3122481e+000  3.3056485e+000  4.1447781e+000  2.4227976e+000  5.0326021e+000  3.0446221e+000  4.1194571e+000  3.8059407e+000  4.4498238e+000
  2.0000000e+000  3.7982168e+000  3.8617064e+000  4.2472448e+000  1.6562983e+000  3.8330845e+000  2.4558478e+000  3.7141463e+000  2.3200763e+000  1.6519925e+000  3.3557384e+000
  2.0000000e+000  3.3992940e+000  2.1366198e+000  2.5950297e+000  3.7652641e+000  1.9758433e+000  2.9753297e+000  2.3355530e+000  3.6956998e+000  2.2370973e+000  3.9783276e+000
  1.0000000e+000  2.2938169e+000  3.8883595e+000  3.0348869e+000  3.4577725e+000  2.5034798e+000  4.2528156e+000  2.2148687e+000  2.2126995e+000  3.2361000e+000  3.0474981e+000
  2.0000000e+000  3.7422507e+000  2.1515508e+000  4.8262909e+000  3.2847588e+000  3.3235472e+000  1.7280124e+000  3.5593918e+000  3.4048180e+000  4.6646590e+000  3.8547000e+000
  2.0000000e+000  3.6637918e+000  3.8755847e+000  2.3405659e+000  1.0497670e+000  2.7771775e+000  1.6291902e+000  3.1819687e+000  3.3421415e+000  2.6993539e+000  3.1501910e+000
  1.0000000e+000  2.0871591e+000  4.0964950e+000  2.1069368e+000  2.7996386e+000  2.4454983e+000  3.0244439e+000  3.7624258e+000  2.6103289e+000  3.0837005e+000  3.3747408e+000
  1.0000000e+000  3.9693976e+000  2.5955392e+000  3.2368322e+000  3.4970428e+000  2.1689349e+000  3.8893079e+000  4.1609207e+000  3.3831012e+000  3.5667009e+000  1.5639876e+000
  2.0000000e+000  3.0372051e+000  2.2670181e+000  4.2379840e+000  3.1306491e+000  2.4022330e+000  4.1279182e+000  3.0900173e+000  3.1002314e+000  2.2307620e+000  3.3173171e+000
  2.0000000e+000  3.5013387e+000  4.2244322e+000  3.4869943e+000  4.7955612e+000  2.2428561e+000  3.6732770e+000  1.4799160e+000  2.6541614e+000  2.2193770e+000  2.2152790e+000
  1.0000000e+000  3.4948749e+000  1.7570023e+000  2.8719289e+000  4.5869523e+000  4.4927205e+000  2.4994515e+000  2.3201294e+000  3.5936211e+000  3.7013308e+000  3.5850636e+000
  2.0000000e+000  2.7209657e+000  3.1631237e+000  3.1230217e+000  4.3182956e+000  2.5451108e+000  4.4975316e+000  3.3906846e+000  2.6106257e+000  2.7286104e+000  1.8527404e+000
  2.0000000e+000  2.6875033e+000  6.6454331e-001  1.8243336e+000  1.8973663e+000  2.2161935e+000  3.5894083e+000  3.7996562e+000  2.6499745e+000  3.4263818e+000  1.6183115e+000
  2.0000000e+000  3.7545762e+000  2.0091383e+000  1.5359066e+000  2.5168076e+000  2.8265474e+000  2.8646089e+000  9.2927757e-001  4.7874630e+000  1.0460358e+000  2.9795952e+000
  2.0000000e+000  3.6990494e+000  2.6477871e+000  3.6538887e+000  2.3486640e+000  7.3198990e-001  2.9760452e+000  4.2736201e+000  1.8966189e+000  2.5760895e+000  2.3271426e+000
  2.0000000e+000  3.6617133e+000  2.6613817e+000  3.1158237e+000  4.6545785e+000  2.1893574e+000  1.9403170e+000  3.5994831e+000  2.8024984e+000  4.9415575e+000  2.6291987e+000
  2.0000000e+000  3.1293171e+000  3.1103417e+000  2.7417023e+000  4.2555918e+000  3.5528129e+000  1.8950161e+000  2.3933733e+000  4.7079608e+000  2.9344074e+000  3.5888931e+000
  2.0000000e+000  4.8277113e+000  4.0228516e+000  3.2158145e+000  3.9909030e+000  2.2104527e+000  2.5697508e+000  2.5651675e+000  2.3503429e+000  1.5734331e+000  3.4444289e+000
  1.0000000e+000  3.5118771e+000  4.5349953e+000  2.0786360e+000  4.0286604e+000  2.1931264e+000  3.2304572e+000  1.6036069e+000  3.4878974e+000  3.0190793e+000  4.6010599e+000
  2.0000000e+000  3.3156463e+000  3.2124578e+000  4.1940477e+000  3.6770302e+000  4.5176184e+000  3.1510735e+000  1.4161439e+000  4.5532360e+000  2.5432552e+000  1.2752684e+000
  2.0000000e+000  3.1042220e+000  3.6628588e+000  2.6369122e+000  3.5585015e+000  3.9475406e+000  2.4540522e+000  5.1409509e+000  2.3600424e+000  2.2465979e+000  2.8489131e+000
  2.0000000e+000  3.7001595e+000  2.4277415e+000  2.8556782e+000  2.5065154e+000  4.2390643e+000  3.0694937e+000  4.1564412e+000  2.9494256e+000  5.6204031e+000  3.1575947e+000
  2.0000000e+000  3.2772027e+000  3.2221613e+000  3.5806336e+000  3.8887834e+000  3.1857476e+000  3.4842933e+000  4.3444589e+000  4.6029564e+000  2.3308523e+000  3.6193302e+000
  1.0000000e+000  1.4841475e+000  1.6146629e+000  2.8169979e+000  2.5660463e+000  4.2905968e+000  4.4861368e+000  4.0161324e+000  2.4444319e+000  3.7059423e+000  4.5743990e+000
  1.0000000e+000  2.1274528e+000  2.2849806e+000  3.1197426e+000  2.3050654e+000  1.7873725e+000  2.8896172e+000  1.3792407e+000  5.3840145e+000  3.0052416e+000  2.2347825e+000
  2.0000000e+000  3.6235373e+000  2.7182294e+000  2.5615329e+000  3.6994844e+000  3.8087664e+000  2.2044202e+000  3.2366567e+000  3.0082335e+000  4.8253914e+000  3.0470709e+000
  2.0000000e+000  3.0488343e+000  3.1073090e+000  2.2704924e+000  4.1023977e+000  1.2524748e+000  1.9021797e+000  3.0152347e+000  2.9011638e+000  2.1753320e+000  2.1629585e+000
  1.0000000e+000  2.7991887e+000  2.8675591e+000  3.3339751e+000  3.2279426e+000  3.8552250e+000  2.7731105e+000  2.4251908e+000  3.0389017e+000  3.0817614e+000  3.3951490e+000
  2.0000000e+000  3.2213697e+000  3.2263988e+000  5.3215770e+000  4.3663694e+000  2.6488461e+000  3.0904700e+000  3.9283327e+000  1.5745237e+000  1.6307573e+000  2.9907015e+000
  2.0000000e+000  2.9225969e+000  2.7957165e+000  4.3823550e+000  3.1243038e+000  3.9080769e+000  2.5165290e+000  1.9101628e+000  3.2056968e+000  2.2086678e+000  2.3612271e+000
  2.0000000e+000  2.8124114e+000  3.5813333e+000  4.0422732e+000  3.6510915e+000  3.8442698e+000  2.1937111e+000  2.6014549e+000  2.4048746e+000  1.8211207e+000  4.5320414e+000
  2.0000000e+000  2.4480678e+000  3.0546364e+000  3.2930006e+000  3.4592666e+000  2.5355444e+000  3.0899281e+000  3.2916442e+000  2.3642532e+000  4.1822268e+000  2.2085244e+000
  1.0000000e+000  1.6046782e+000  2.2668001e+000  2.9063778e+000  2.4861726e+000  2.9602431e+000  2.9744232e+000  1.6056720e+000  2.3377157e+000  3.0580197e+000  4.5171669e+000
  1.0000000e+000  2.6601152e+000  2.1605621e+000  2.9995281e+000  1.9621579e+000  3.1919416e+000  3.1858040e+000  2.7760664e+000  2.7114343e+000  3.3994921e+000  3.5509490e+000
  2.0000000e+000  2.4927423e+000  3.1934597e+000  3.9092715e+000  4.6739598e+000  3.5448201e+000  3.7719985e+000  3.9508397e+000  4.5379724e+000  1.6929722e+000  3.8448477e+000
  2.0000000e+000  3.0697668e+000  3.2747859e+000  4.0109478e+000  4.7746906e+000  1.6878590e+000  3.5571549e+000  5.6795363e+000  4.5243193e+000  3.4932135e+000  4.9313945e+000
  2.0000000e+000  2.4721191e+000  3.1011582e+000  3.4012442e+000  3.2832531e-001  4.5263182e-001  3.2246547e+000  1.8727441e+000  2.1370870e+000  4.9113209e+000  2.9654796e+000
  2.0000000e+000  2.2814380e+000  2.3729515e+000  4.2146856e+000  3.0928827e+000  2.8388471e+000  1.6165247e+000  4.8522638e+000  4.9141801e+000  2.3266004e+000  2.9024381e+000
  2.0000000e+000  3.5610384e+000  2.7700213e+000  2.7164526e+000  3.6412531e+000  2.4203951e+000  3.2466874e+000  3.0980226e+000  2.5949293e+000  2.6024432e+000  2.8895324e+000
  2.0000000e+000  3.9156851e+000  3.6560031e+000  3.6159845e+000  3.4658443e+000  3.2448899e+000  2.6797823e+000  2.8511201e+000  1.9631255e+000  2.5248899e+000  2.9044724e+000
  2.0000000e+000  3.4045922e+000  3.7357707e+000  2.3003078e+000  1.5318186e+000  1.5594019e+000  3.2141492e+000  8.8043096e-001  2.9149236e+000  2.2343967e+000  2.9020285e+000
  2.0000000e+000  2.8156222e+000  1.8644409e+000  1.1833811e+000  4.3047264e+000  3.6461824e+000  2.1809147e+000  2.9458063e+000  2.6449953e+000  2.9047393e+000  2.8861514e+000
  2.0000000e+000  3.4240132e+000  2.6994326e+000  2.5778096e+000  3.2173876e+000  3.7094953e+000  2.2651583e+000  1.4362272e+000  2.7462890e+000  2.5043164e+000  3.8188137e+000
  2.0000000e+000  2.0455565e+000  3.1814089e+000  2.2189137e+000  8.5636729e-001  1.8475992e+000  4.2188769e+000  3.5949453e+000  3.6683493e+000  2.5830277e+000  2.2880782e+000
  2.0000000e+000  3.3280971e+000  2.6263119e+000  2.6859064e+000  3.1851025e+000  3.0811030e+000  2.5624225e+000  3.2015069e+000  4.7557665e+000  1.4489457e+000  2.1450761e+000
  2.0000000e+000  4.4260133e+000  3.8348581e+000  3.1290365e+000  2.1472904e+000  1.4048179e+000  1.9680037e+000  5.0639486e+000  2.3082742e+000  3.6414577e+000  6.4714006e-001
  1.0000000e+000  4.4767165e+000  3.2637945e+000  3.5036509e+000  1.3399121e+000  2.7774296e+000  1.1451521e+000  3.4443380e+000  2.5820572e+000  3.5827891e+000  3.5013249e+000
  2.0000000e+000  1.4559726e+000  1.0998125e+000  3.1106741e+000  2.8767438e+000  3.1646724e+000  1.6712518e+000  1.8311947e+000  3.2416327e+000  2.1031497e+000  2.5111911e+000
  2.0000000e+000  2.0999269e+000  3.3882663e+000  3.7671342e+000  3.5539610e+000  3.0851433e+000  2.7501378e+000  2.0201716e+000  3.8947222e+000  2.2216537e+000  3.7521385e+000
  2.0000000e+000  3.9863653e+000  2.5454482e+000  3.1097841e+000  1.8476453e+000  4.0657036e+000  2.0491031e+000  2.9794135e+000  7.0297603e-001  2.0044576e+000  3.7397440e+000
  2.0000000e+000  2.7767418e+000  8.1244886e-001  2.8113409e+000  1.2653212e+000  2.5579611e+000  4.1633804e+000  1.9593097e+000  4.3976211e+000  2.6368593e+000  3.9085618e+000
  2.0000000e+000  3.7445372e+000  4.7886571e+000  3.9540063e+000  1.2541743e+000  3.8940702e+000  1.9684372e+000  3.4663292e+000  2.2758859e+000  1.8690587e+000  2.9634093e+000
  2.0000000e+000  1.3100307e+000  2.1752143e+000  3.8090321e+000  2.7293239e+000  2.9319824e+000  2.1533223e+000  3.2068514e+000  2.4860836e+000  4.5367019e+000  2.9587619e-001
  2.0000000e+000  4.2204351e+000  2.9280428e+000  1.2652695e+000  5.5098511e+000  2.5468411e+000  1.2963854e+000  2.0366921e+000  4.0715480e+000  1.7518108e+000  2.6998765e+000
  2.0000000e+000  3.7111871e+000  2.4041307e+000  1.1479970e+000  1.6468714e+000  1.1567064e+000  4.1501291e+000  4.5064675e+000  2.6184849e+000  2.2137700e+000  3.4576404e+000
  2.0000000e+000  3.6286071e+000  2.4292917e+000  3.9990448e+000  4.2905708e+000  2.9388836e+000  1.5070448e+000  3.0239646e+000  3.4001366e+000  3.2738655e+000  3.2340145e+000
  2.0000000e+000  3.6343098e+000  3.4041733e+000  7.9560164e-001  5.4778351e+000  2.8580006e+000  2.3299958e+000  2.7907941e+000  4.4801399e+000  2.6018045e+000  2.1351096e+000
  2.0000000e+000  2.9514241e+000  4.0245937e+000  2.6259019e+000  3.8009005e+000  4.6252992e+000  2.4900108e+000  2.9255210e+000  3.3610061e+000  2.8766783e+000  3.0067872e+000
  2.0000000e+000  3.3943895e+000  2.0807980e+000  4.6374068e+000  3.3014793e+000  4.8012421e+000  3.2702174e+000  4.0313952e+000  3.3256714e+000  2.2958171e+000  3.1529686e+000
  2.0000000e+000  2.9243210e+000  4.0538804e+000  1.2018705e+000  4.6321208e+000  5.2090357e+000  3.8522003e+000  2.8479158e+000  2.2873290e+000  2.6163851e+000  2.2261284e+000
  2.0000000e+000  3.8730561e+000  3.1618212e+000  1.6378187e+000  2.2784750e+000  2.3669753e+000  2.5077077e+000  2.6526589e+000  4.0114026e+000  9.3133750e-001  4.5418009e+000
  2.0000000e+000  3.7877183e+000  3.2727430e+000  3.4249806e+000  2.0856216e+000  3.4836266e+000  4.0685809e+000  3.1080450e+000  3.4695830e+000  2.4724374e-001  3.2210727e+000
  2.0000000e+000  2.4131969e+000  2.5100943e+000  2.5609717e+000  2.9491129e+000  1.1456336e+000  3.9371199e+000  2.5352896e+000  5.1812398e+000  1.5214477e+000  3.3164671e+000
  2.0000000e+000  2.7479894e+000  3.2189202e+000  2.5135035e+000  4.0295194e+000  2.7731874e+000  2.1323562e+000  1.8506185e+000  4.2725076e+000  2.4821952e+000  2.4606671e+000
  2.0000000e+000  4.3258947e+000  1.5649590e+000  3.8027280e+000  2.0066230e+000  2.6916211e+000  3.2845622e+000  2.0853781e+000  2.3514321e+000  2.1556100e+000  1.5719663e+000
  2.0000000e+000  4.2445685e+000  3.5620070e+000  1.5843586e+000  2.8930682e+000  2.7203772e+000  4.2415113e+000  4.0291319e+000  3.3584992e+000  3.1015028e+000  2.1634998e+000
  1.0000000e+000  4.1262875e+000  4.2065216e+000  3.0646430e+000  1.1278145e+000  3.2916729e+000  2.6746689e+000  4.9656177e+000  2.5161128e+000  3.0054767e+000  1.8350831e+000
  2.0000000e+000  1.4998508e+000  3.3919723e+000  5.2138178e+000  3.1482837e+000  1.4274333e+000  2.3431419e+000  3.0285066e+000  3.3080407e+000  3.6558743e+000  3.8447311e+000
  2.0000000e+000  1.6441391e+000  1.3208247e+000  1.3431384e+000  3.1080645e+000  1.6351186e+000  2.8083421e+000  1.7801288e+000  2.6341688e+000  2.7789349e+000  3.8407602e+000
  2.0000000e+000  3.0810724e+000  4.4827950e+000  3.8858310e+000  2.1108622e+000  5.1863240e+000  1.5796753e+000  8.1081832e-001  2.7402948e+000  3.6905720e+000  3.1255947e+000
  2.0000000e+000  3.2663336e+000  3.4485415e+000  3.3974198e+000  2.6600258e+000  3.3950006e+000  4.4878722e+000  3.0148119e+000  2.7166903e+000  4.3249815e+000  3.7606463e+000
  2.0000000e+000  2.7688620e+000  1.9315998e+000  3.7264008e+000  1.8097655e+000  3.1736238e+000  4.8459921e+000  2.9813536e+000  2.8519525e+000  2.7876276e+000  2.8874168e+000
  2.0000000e+000  3.7592941e+000  4.3166307e+000  4.5094619e+000  2.6808630e+000  2.9518546e+000  1.9387620e+000  2.9344394e+000  2.0039908e+000  4.3628741e+000  3.1668852e+000
  2.0000000e+000  2.3962431e+000  7.2776472e-001  1.9120298e+000  2.7606952e+000  3.2589181e+000  4.0717820e+000  3.1084208e+000  2.5746397e+000  2.2860203e+000  2.4769625e-001
